0 -84.9387 -18.4300 3.3100 1.5708 0.0000 -6.2832
1 -84.9387 -18.4300 3.3100 1.5708 0.0000 -6.2832
2 -84.9387 -18.3898 3.3100 1.5708 -0.0000 -6.2832
3 -84.9387 -18.2977 3.3100 1.5708 -0.0001 -6.2832
4 -84.9387 -18.1643 3.3100 1.5708 6.2830 -6.2832
5 -84.9387 -17.9981 3.3100 1.5708 6.2829 -6.2832
6 -84.9387 -17.8061 3.3100 1.5708 6.2828 -6.2832
7 -84.9387 -17.5935 3.3100 1.5708 6.2827 -6.2832
8 -84.9387 -17.3647 3.3100 1.5708 6.2826 -6.2832
9 -84.9387 -17.1232 3.3100 1.5708 6.2824 -6.2832
10 -84.9387 -16.8717 3.3100 1.5708 6.2823 -6.2832
11 -84.9387 -16.6125 3.3100 1.5708 6.2821 -6.2832
12 -84.9387 -16.3473 3.3100 1.5708 6.2820 -6.2832
13 -84.9387 -16.0777 3.3100 1.5708 6.2818 -6.2832
14 -84.9387 -15.8047 3.3100 1.5708 6.2817 -6.2832
15 -84.9387 -15.5294 3.3100 1.5708 6.2815 -6.2832
16 -84.9387 -15.2524 3.3100 1.5708 6.2814 -6.2832
17 -84.9387 -14.9744 3.3100 1.5708 6.2813 -6.2832
18 -84.9387 -14.6960 3.3100 1.5708 6.2811 -6.2832
19 -84.9387 -14.4176 3.3100 1.5708 6.2810 -6.2832
20 -84.9387 -14.1396 3.3100 1.5708 6.2809 -6.2832
21 -84.9387 -13.8621 3.3100 1.5708 6.2808 -6.2832
22 -84.9386 -13.5856 3.3100 1.5708 6.2807 -6.2832
23 -84.9386 -13.3103 3.3100 1.5708 6.2806 -6.2832
24 -84.9386 -13.0362 3.3100 1.5708 6.2805 -6.2832
25 -84.9386 -12.7637 3.3100 1.5708 6.2804 -6.2832
26 -84.9386 -12.4929 3.3100 1.5708 6.2803 -6.2832
27 -84.9386 -12.2239 3.3100 1.5708 6.2802 -6.2832
28 -84.9386 -11.9568 3.3100 1.5708 6.2802 -6.2832
29 -84.9386 -11.6918 3.3100 1.5708 6.2801 -6.2832
30 -84.9386 -11.4291 3.3100 1.5708 6.2801 -6.2832
31 -84.9386 -11.1686 3.3100 1.5708 6.2801 -6.2832
32 -84.9386 -10.9105 3.3100 1.5708 6.2801 -6.2832
33 -84.9386 -10.6550 3.3100 1.5708 6.2801 -6.2832
34 -84.9386 -10.4020 3.3100 1.5708 6.2801 -6.2832
35 -84.9386 -10.1518 3.3100 1.5708 6.2801 -6.2832
36 -84.9386 -9.9044 3.3100 1.5708 6.2801 -6.2832
37 -84.9386 -9.6599 3.3100 1.5708 6.2802 -6.2832
38 -84.9386 -9.4183 3.3100 1.5708 6.2803 -6.2832
39 -84.9386 -9.1799 3.3100 1.5708 6.2803 -6.2832
40 -84.9386 -8.9447 3.3100 1.5708 6.2804 -6.2832
41 -84.9386 -8.7127 3.3100 1.5708 6.2805 -6.2832
42 -84.9386 -8.4841 3.3100 1.5708 6.2807 -6.2832
43 -84.9386 -8.2589 3.3100 1.5708 6.2808 -6.2832
44 -84.9386 -8.0373 3.3100 1.5708 6.2810 -6.2832
45 -84.9386 -7.8192 3.3100 1.5708 6.2812 -6.2832
46 -84.9386 -7.6049 3.3100 1.5708 6.2814 -6.2832
47 -84.9386 -7.3944 3.3100 1.5708 6.2816 -6.2832
48 -84.9386 -7.1878 3.3100 1.5708 6.2818 -6.2832
49 -84.9386 -6.9852 3.3100 1.5708 6.2821 -6.2832
50 -84.9386 -6.7866 3.3100 1.5708 6.2823 -6.2832
51 -84.9386 -6.5922 3.3100 1.5708 6.2826 -6.2832
52 -84.9386 -6.4021 3.3100 1.5708 6.2829 -6.2832
53 -84.9386 -6.2162 3.3100 1.5708 0.0001 -6.2832
54 -84.9385 -6.0347 3.3100 1.5708 0.0004 -6.2836
55 -84.9384 -5.8574 3.3100 1.5707 0.0008 -6.2846
56 -84.9380 -5.6843 3.3100 7.8538 0.0012 -6.2861
57 -84.9374 -5.5151 3.3101 7.8537 0.0016 -6.2883
58 -84.9363 -5.3499 3.3101 7.8535 0.0020 -6.2911
59 -84.9348 -5.1884 3.3102 7.8533 0.0024 -6.2946
60 -84.9326 -5.0306 3.3104 7.8530 0.0029 -6.2989
61 -84.9298 -4.8764 3.3105 7.8527 0.0033 -6.3040
62 -84.9262 -4.7256 3.3107 7.8524 0.0037 -6.3099
63 -84.9218 -4.5781 3.3110 7.8520 0.0042 -6.3166
64 -84.9165 -4.4339 3.3113 7.8515 0.0046 -6.3243
65 -84.9101 -4.2927 3.3117 7.8510 0.0051 -6.3329
66 -84.9025 -4.1545 3.3122 7.8504 0.0055 -6.3426
67 -84.8938 -4.0192 3.3127 7.8498 0.0059 -6.3532
68 -84.8837 -3.8866 3.3133 7.8491 0.0063 -6.3649
69 -84.8722 -3.7567 3.3140 7.8483 0.0067 -6.3777
70 -84.8593 -3.6293 3.3147 7.8475 0.0071 -6.3916
71 -84.8447 -3.5043 3.3156 7.8466 0.0075 -6.4067
72 -84.8285 -3.3817 3.3166 7.8457 0.0078 -6.4228
73 -84.8105 -3.2612 3.3177 7.8446 0.0081 -6.4401
74 -84.7907 -3.1428 3.3188 7.8436 0.0084 -6.4584
75 -84.7689 -3.0264 3.3201 7.8424 0.0087 -6.4779
76 -84.7451 -2.9119 3.3216 7.8412 0.0090 -6.4984
77 -84.7192 -2.7991 3.3231 7.8400 0.0092 -6.5199
78 -84.6911 -2.6879 3.3248 7.8387 0.0094 -6.5424
79 -84.6607 -2.5783 3.3266 7.8373 0.0095 -6.5657
80 -84.6279 -2.4701 3.3286 7.8359 0.0096 -6.5897
81 -84.5926 -2.3632 3.3307 7.8345 0.0097 -6.6145
82 -84.5547 -2.2575 3.3330 7.8331 0.0098 -6.6398
83 -84.5142 -2.1529 3.3354 7.8317 0.0098 -6.6655
84 -84.4709 -2.0492 3.3380 7.8302 0.0097 -6.6915
85 -84.4249 -1.9465 3.3407 7.8288 0.0096 -6.7178
86 -84.3759 -1.8445 3.3436 7.8274 0.0095 -6.7440
87 -84.3239 -1.7431 3.3468 7.8260 0.0093 -6.7702
88 -84.2688 -1.6423 3.3500 7.8246 0.0090 -6.7962
89 -84.2106 -1.5419 3.3535 7.8233 0.0087 -6.8218
90 -84.1490 -1.4419 3.3572 7.8220 0.0084 -6.8470
91 -84.0842 -1.3420 3.3611 7.8208 0.0079 -6.8717
92 -84.0158 -1.2423 3.3652 7.8196 0.0075 -6.8957
93 -83.9440 -1.1426 3.3695 7.8185 0.0069 -6.9190
94 -83.8685 -1.0427 3.3740 7.8174 0.0063 -6.9416
95 -83.7894 -0.9427 3.3787 7.8164 0.0056 -6.9633
96 -83.7065 -0.8423 3.3837 7.8154 0.0049 -6.9841
97 -83.6197 -0.7416 3.3889 7.8145 0.0041 -7.0040
98 -83.5289 -0.6402 3.3943 7.8137 0.0032 -7.0230
99 -83.4341 -0.5383 3.4000 7.8129 0.0022 -7.0411
100 -83.3352 -0.4356 3.4059 7.8122 0.0011 -7.0583
101 -83.2320 -0.3320 3.4121 7.8115 0.0000 -7.0746
102 -83.1246 -0.2275 3.4185 7.8108 6.2820 -7.0902
103 -83.0129 -0.1222 3.4252 7.8100 6.2807 -7.1056
104 -82.8971 -0.0163 3.4321 7.8092 6.2794 -7.1209
105 -82.7771 0.0901 3.4394 7.8083 6.2780 -7.1360
106 -82.6531 0.1968 3.4470 7.8074 6.2765 -7.1511
107 -82.5250 0.3037 3.4548 7.8064 6.2750 -7.1660
108 -82.3929 0.4105 3.4630 7.8054 6.2735 -7.1810
109 -82.2570 0.5173 3.4715 7.8044 6.2719 -7.1960
110 -82.1172 0.6237 3.4803 7.8032 6.2704 -7.2110
111 -81.9736 0.7296 3.4895 7.8021 6.2688 -7.2260
112 -81.8262 0.8348 3.4990 7.8009 6.2672 -7.2412
113 -81.6752 0.9393 3.5089 7.7996 6.2656 -7.2565
114 -81.5205 1.0428 3.5191 7.7983 6.2640 -7.2719
115 -81.3622 1.1453 3.5297 7.7970 6.2625 -7.2874
116 -81.2004 1.2464 3.5408 7.7956 6.2610 -7.3032
117 -81.0352 1.3461 3.5522 7.7942 6.2595 -7.3191
118 -80.8665 1.4442 3.5640 7.7927 6.2581 -7.3352
119 -80.6945 1.5406 3.5762 7.7912 6.2567 -7.3515
120 -80.5191 1.6351 3.5889 7.7897 6.2554 -7.3681
121 -80.3405 1.7275 3.6020 7.7881 6.2542 -7.3849
122 -80.1587 1.8177 3.6156 7.7865 6.2530 -7.4019
123 -79.9737 1.9055 3.6296 7.7849 6.2519 -7.4193
124 -79.7857 1.9909 3.6440 7.7832 6.2509 -7.4369
125 -79.5946 2.0735 3.6590 7.7815 6.2500 -7.4548
126 -79.4005 2.1533 3.6744 7.7798 6.2493 -7.4730
127 -79.2035 2.2301 3.6903 7.7780 6.2486 -7.4915
128 -79.0036 2.3038 3.7067 7.7762 6.2481 -7.5103
129 -78.8009 2.3742 3.7237 7.7744 6.2477 -7.5294
130 -78.5955 2.4411 3.7411 7.7725 6.2474 -7.5489
131 -78.3873 2.5044 3.7591 7.7707 6.2473 -7.5686
132 -78.1764 2.5640 3.7776 7.7688 6.2473 -7.5888
133 -77.9629 2.6196 3.7966 7.7669 6.2475 -7.6092
134 -77.7469 2.6712 3.8162 7.7650 6.2479 -7.6300
135 -77.5283 2.7186 3.8364 7.7631 6.2484 -7.6511
136 -77.3073 2.7616 3.8571 7.7612 6.2491 -7.6725
137 -77.0839 2.8001 3.8784 7.7593 6.2501 -7.6943
138 -76.8581 2.8339 3.9004 7.7573 6.2512 -7.7163
139 -76.6301 2.8629 3.9229 7.7554 6.2525 -7.7387
140 -76.3998 2.8869 3.9460 7.7535 6.2541 -7.7614
141 -76.1673 2.9058 3.9697 7.7516 6.2558 -7.7844
142 -75.9326 2.9194 3.9941 7.7498 6.2578 -7.8076
143 -75.6959 2.9276 4.0191 7.7479 6.2601 -7.8311
144 -75.4571 2.9303 4.0447 7.7461 6.2626 -7.8549
145 -75.2164 2.9272 4.0710 7.7443 6.2653 -7.8788
146 -74.9737 2.9182 4.0980 7.7426 6.2683 -7.9030
147 -74.7291 2.9032 4.1256 7.7409 6.2716 -7.9274
148 -74.4827 2.8820 4.1539 7.7392 6.2751 -7.9519
149 -74.2345 2.8545 4.1829 7.7376 6.2789 -7.9766
150 -73.9846 2.8206 4.2126 7.7360 6.2831 -8.0014
151 -73.7330 2.7801 4.2430 7.7346 0.0043 -8.0254
152 -73.4799 2.7333 4.2740 7.7334 0.0090 -8.0476
153 -73.2252 2.6806 4.3057 7.7323 0.0140 -8.0681
154 -72.9692 2.6224 4.3379 7.7314 0.0192 -8.0870
155 -72.7119 2.5589 4.3707 7.7307 0.0246 -8.1043
156 -72.4535 2.4906 4.4039 7.7301 0.0303 -8.1201
157 -72.1939 2.4178 4.4375 7.7296 0.0362 -8.1345
158 -71.9333 2.3409 4.4716 7.7292 0.0423 -8.1475
159 -71.6719 2.2602 4.5059 7.7289 0.0485 -8.1592
160 -71.4097 2.1760 4.5406 7.7287 0.0549 -8.1697
161 -71.1468 2.0888 4.5755 7.7286 0.0615 -8.1789
162 -70.8833 1.9988 4.6106 7.7286 0.0682 -8.1870
163 -70.6194 1.9065 4.6458 7.7287 0.0750 -8.1939
164 -70.3550 1.8121 4.6812 7.7288 0.0819 -8.1997
165 -70.0904 1.7161 4.7166 7.7290 0.0889 -8.2044
166 -69.8255 1.6187 4.7520 7.7293 0.0960 -8.2081
167 -69.5606 1.5203 4.7874 7.7296 0.1031 -8.2107
168 -69.2956 1.4213 4.8227 7.7300 0.1103 -8.2123
169 -69.0308 1.3220 4.8578 7.7305 0.1175 -8.2128
170 -68.7661 1.2228 4.8929 7.7310 0.1247 -8.2124
171 -68.5018 1.1240 4.9277 7.7316 0.1318 -8.2109
172 -68.2378 1.0259 4.9622 7.7323 0.1390 -8.2083
173 -67.9743 0.9289 4.9964 7.7330 0.1462 -8.2047
174 -67.7114 0.8334 5.0303 7.7339 0.1533 -8.2001
175 -67.4492 0.7396 5.0638 7.7348 0.1603 -8.1944
176 -67.1877 0.6480 5.0968 7.7358 0.1672 -8.1875
177 -66.9271 0.5589 5.1294 7.7369 0.1741 -8.1795
178 -66.6675 0.4725 5.1614 7.7381 0.1809 -8.1703
179 -66.4089 0.3893 5.1929 7.7394 0.1875 -8.1599
180 -66.1515 0.3096 5.2237 7.7408 0.1940 -8.1483
181 -65.8954 0.2338 5.2539 7.7423 0.2003 -8.1353
182 -65.6405 0.1621 5.2833 7.7440 0.2065 -8.1209
183 -65.3872 0.0949 5.3120 7.7458 0.2125 -8.1051
184 -65.1353 0.0326 5.3399 7.7478 0.2183 -8.0878
185 -64.8851 -0.0245 5.3670 7.7500 0.2239 -8.0689
186 -64.6366 -0.0762 5.3932 7.7524 0.2293 -8.0483
187 -64.3899 -0.1219 5.4184 7.7550 0.2344 -8.0261
188 -64.1452 -0.1615 5.4427 7.7578 0.2393 -8.0020
189 -63.9024 -0.1945 5.4660 7.7609 0.2439 -7.9760
190 -63.6618 -0.2207 5.4882 7.7642 0.2482 -7.9481
191 -63.4233 -0.2396 5.5092 7.7679 0.2522 -7.9181
192 -63.1871 -0.2510 5.5292 7.7719 0.2559 -7.8861
193 -62.9533 -0.2546 5.5479 7.7762 0.2593 -7.8519
194 -62.7220 -0.2499 5.5654 7.7808 0.2624 -7.8155
195 -62.4933 -0.2367 5.5817 7.7858 0.2651 -7.7769
196 -62.2671 -0.2147 5.5966 7.7912 0.2674 -7.7362
197 -62.0438 -0.1835 5.6101 7.7969 0.2693 -7.6934
198 -61.8233 -0.1427 5.6223 7.8030 0.2709 -7.6486
199 -61.6057 -0.0921 5.6329 7.8095 0.2720 -7.6019
200 -61.3912 -0.0313 5.6421 7.8162 0.2728 -7.5535
201 -61.1797 0.0399 5.6498 7.8229 0.2730 -7.5057
202 -60.9713 0.1211 5.6560 7.8294 0.2729 -7.4593
203 -60.7659 0.2121 5.6609 7.8355 0.2724 -7.4145
204 -60.5634 0.3127 5.6644 7.8414 0.2714 -7.3714
205 -60.3639 0.4226 5.6666 7.8469 0.2701 -7.3301
206 -60.1673 0.5415 5.6676 7.8520 0.2684 -7.2906
207 -59.9736 0.6691 5.6675 1.5736 0.2663 -7.2530
208 -59.7826 0.8052 5.6663 1.5780 0.2639 -7.2171
209 -59.5945 0.9494 5.6641 1.5821 0.2612 -7.1831
210 -59.4090 1.1016 5.6610 1.5858 0.2581 -7.1508
211 -59.2263 1.2614 5.6569 1.5892 0.2547 -7.1202
212 -59.0463 1.4286 5.6520 1.5922 0.2510 -7.0913
213 -58.8688 1.6029 5.6463 1.5949 0.2470 -7.0640
214 -58.6940 1.7840 5.6400 1.5973 0.2428 -7.0382
215 -58.5217 1.9717 5.6329 1.5994 0.2382 -7.0138
216 -58.3519 2.1658 5.6253 1.6012 0.2335 -6.9907
217 -58.1846 2.3658 5.6172 1.6028 0.2284 -6.9690
218 -58.0197 2.5716 5.6085 1.6041 0.2232 -6.9485
219 -57.8572 2.7829 5.5995 1.6052 0.2177 -6.9291
220 -57.6970 2.9995 5.5901 1.6060 0.2120 -6.9109
221 -57.5392 3.2210 5.5805 1.6066 0.2061 -6.8937
222 -57.3837 3.4473 5.5706 1.6070 0.2001 -6.8775
223 -57.2304 3.6779 5.5605 1.6072 0.1938 -6.8622
224 -57.0793 3.9128 5.5504 1.6072 0.1874 -6.8477
225 -56.9304 4.1516 5.5402 1.6070 0.1809 -6.8341
226 -56.7836 4.3940 5.5300 1.6066 0.1742 -6.8213
227 -56.6389 4.6398 5.5198 1.6060 0.1673 -6.8093
228 -56.4962 4.8887 5.5098 1.6052 0.1604 -6.7979
229 -56.3556 5.1405 5.5000 1.6043 0.1534 -6.7873
230 -56.2170 5.3949 5.4905 1.6032 0.1462 -6.7772
231 -56.0803 5.6516 5.4812 1.6019 0.1390 -6.7678
232 -55.9455 5.9104 5.4724 1.6004 0.1317 -6.7590
233 -55.8125 6.1710 5.4639 1.5988 0.1244 -6.7507
234 -55.6815 6.4332 5.4560 1.5970 0.1170 -6.7430
235 -55.5522 6.6967 5.4486 1.5950 0.1096 -6.7358
236 -55.4246 6.9612 5.4418 1.5928 0.1021 -6.7291
237 -55.2988 7.2265 5.4356 1.5905 0.0946 -6.7229
238 -55.1747 7.4923 5.4302 1.5880 0.0871 -6.7172
239 -55.0522 7.7584 5.4256 1.5852 0.0797 -6.7120
240 -54.9314 8.0245 5.4218 1.5823 0.0722 -6.7072
241 -54.8120 8.2904 5.4189 1.5791 0.0648 -6.7028
242 -54.6943 8.5557 5.4170 1.5757 0.0575 -6.6989
243 -54.5780 8.8203 5.4161 1.5721 0.0501 -6.6955
244 -54.4633 9.0838 5.4162 7.8515 0.0429 -6.6925
245 -54.3499 9.3461 5.4175 7.8474 0.0357 -6.6899
246 -54.2379 9.6068 5.4200 7.8430 0.0286 -6.6877
247 -54.1273 9.8658 5.4237 7.8384 0.0216 -6.6860
248 -54.0181 10.1227 5.4287 7.8335 0.0147 -6.6848
249 -53.9100 10.3774 5.4351 7.8282 0.0080 -6.6840
250 -53.8033 10.6295 5.4430 7.8226 0.0013 -6.6836
251 -53.6978 10.8788 5.4522 7.8168 6.2780 -6.6836
252 -53.5934 11.1253 5.4629 7.8112 6.2717 -6.6834
253 -53.4903 11.3692 5.4750 7.8057 6.2655 -6.6831
254 -53.3884 11.6103 5.4883 7.8005 6.2594 -6.6827
255 -53.2878 11.8490 5.5029 7.7954 6.2535 -6.6821
256 -53.1883 12.0851 5.5185 7.7905 6.2476 -6.6814
257 -53.0901 12.3188 5.5352 7.7859 6.2419 -6.6805
258 -52.9932 12.5502 5.5529 7.7815 6.2363 -6.6794
259 -52.8975 12.7794 5.5715 7.7773 6.2308 -6.6782
260 -52.8030 13.0063 5.5908 7.7734 6.2255 -6.6769
261 -52.7098 13.2312 5.6109 7.7697 6.2202 -6.6754
262 -52.6179 13.4540 5.6317 7.7663 6.2150 -6.6737
263 -52.5272 13.6748 5.6531 7.7632 6.2099 -6.6718
264 -52.4378 13.8938 5.6750 7.7603 6.2049 -6.6697
265 -52.3497 14.1109 5.6973 7.7578 6.2000 -6.6675
266 -52.2629 14.3263 5.7199 7.7556 6.1952 -6.6651
267 -52.1774 14.5400 5.7429 7.7537 6.1904 -6.6625
268 -52.0931 14.7522 5.7661 7.7521 6.1858 -6.6597
269 -52.0102 14.9628 5.7894 7.7508 6.1811 -6.6568
270 -51.9286 15.1720 5.8127 7.7499 6.1766 -6.6536
271 -51.8483 15.3799 5.8361 7.7493 6.1721 -6.6503
272 -51.7692 15.5864 5.8593 7.7491 6.1677 -6.6467
273 -51.6916 15.7917 5.8824 7.7493 6.1633 -6.6430
274 -51.6152 15.9959 5.9053 7.7498 6.1589 -6.6390
275 -51.5402 16.1990 5.9278 7.7507 6.1546 -6.6349
276 -51.4665 16.4011 5.9500 7.7520 6.1504 -6.6306
277 -51.3942 16.6022 5.9717 7.7537 6.1461 -6.6261
278 -51.3232 16.8025 5.9928 7.7558 6.1419 -6.6214
279 -51.2536 17.0021 6.0134 7.7584 6.1377 -6.6165
280 -51.1853 17.2009 6.0332 7.7613 6.1336 -6.6114
281 -51.1184 17.3990 6.0523 7.7646 6.1294 -6.6061
282 -51.0529 17.5966 6.0706 7.7683 6.1253 -6.6006
283 -50.9887 17.7938 6.0880 7.7725 6.1212 -6.5950
284 -50.9260 17.9905 6.1044 7.7771 6.1171 -6.5892
285 -50.8646 18.1868 6.1197 7.7821 6.1130 -6.5832
286 -50.8046 18.3829 6.1339 7.7875 6.1088 -6.5770
287 -50.7460 18.5788 6.1469 7.7934 6.1047 -6.5707
288 -50.6888 18.7745 6.1587 7.7996 6.1006 -6.5642
289 -50.6330 18.9702 6.1691 7.8063 6.0964 -6.5576
290 -50.5786 19.1658 6.1781 7.8133 6.0922 -6.5508
291 -50.5257 19.3616 6.1856 7.8208 6.0880 -6.5439
292 -50.4741 19.5575 6.1915 7.8286 6.0838 -6.5369
293 -50.4240 19.7537 6.1958 7.8369 6.0795 -6.5297
294 -50.3753 19.9501 6.1984 7.8455 6.0752 -6.5224
295 -50.3281 20.1469 6.1992 1.5713 6.0708 -6.5151
296 -50.2823 20.3442 6.1982 1.5806 6.0664 -6.5076
297 -50.2379 20.5419 6.1952 1.5902 6.0620 -6.5000
298 -50.1950 20.7402 6.1903 1.6002 6.0575 -6.4924
299 -50.1536 20.9392 6.1833 1.6104 6.0529 -6.4846
300 -50.1136 21.1389 6.1741 1.6210 6.0483 -6.4768
301 -50.0751 21.3394 6.1628 1.6318 6.0436 -6.4690
302 -50.0381 21.5407 6.1492 1.6427 6.0389 -6.4613
303 -50.0024 21.7429 6.1333 1.6532 6.0340 -6.4546
304 -49.9679 21.9456 6.1152 1.6633 6.0291 -6.4487
305 -49.9345 22.1489 6.0951 1.6730 6.0242 -6.4438
306 -49.9020 22.3525 6.0730 1.6824 6.0193 -6.4398
307 -49.8701 22.5564 6.0489 1.6913 6.0143 -6.4367
308 -49.8388 22.7603 6.0230 1.7000 6.0093 -6.4345
309 -49.8079 22.9642 5.9953 1.7083 6.0043 -6.4332
310 -49.7771 23.1679 5.9660 1.7163 5.9993 -6.4328
311 -49.7465 23.3712 5.9351 1.7240 5.9943 -6.4332
312 -49.7157 23.5740 5.9026 1.7314 5.9893 -6.4346
313 -49.6846 23.7762 5.8687 1.7386 5.9844 -6.4368
314 -49.6531 23.9776 5.8334 1.7455 5.9795 -6.4400
315 -49.6210 24.1781 5.7969 1.7521 5.9747 -6.4441
316 -49.5882 24.3775 5.7592 1.7585 5.9699 -6.4491
317 -49.5544 24.5758 5.7203 1.7647 5.9652 -6.4551
318 -49.5195 24.7727 5.6804 1.7706 5.9606 -6.4621
319 -49.4833 24.9681 5.6396 1.7763 5.9561 -6.4701
320 -49.4458 25.1619 5.5979 1.7817 5.9517 -6.4792
321 -49.4067 25.3540 5.5554 1.7870 5.9474 -6.4893
322 -49.3658 25.5441 5.5122 1.7920 5.9432 -6.5005
323 -49.3231 25.7323 5.4683 1.7967 5.9392 -6.5129
324 -49.2783 25.9182 5.4239 1.8012 5.9353 -6.5265
325 -49.2313 26.1019 5.3790 1.8055 5.9315 -6.5414
326 -49.1819 26.2830 5.3337 1.8094 5.9279 -6.5576
327 -49.1299 26.4617 5.2881 1.8131 5.9245 -6.5751
328 -49.0753 26.6375 5.2422 1.8165 5.9213 -6.5940
329 -49.0178 26.8105 5.1962 1.8195 5.9182 -6.6143
330 -48.9573 26.9805 5.1501 1.8222 5.9154 -6.6362
331 -48.8936 27.1474 5.1040 1.8246 5.9128 -6.6596
332 -48.8266 27.3109 5.0580 1.8264 5.9104 -6.6846
333 -48.7561 27.4711 5.0121 1.8279 5.9082 -6.7113
334 -48.6820 27.6277 4.9664 1.8288 5.9062 -6.7397
335 -48.6040 27.7806 4.9211 1.8292 5.9046 -6.7698
336 -48.5221 27.9297 4.8761 1.8290 5.9031 -6.8017
337 -48.4361 28.0749 4.8317 1.8281 5.9020 -6.8353
338 -48.3457 28.2159 4.7877 1.8266 5.9011 -6.8706
339 -48.2510 28.3527 4.7444 1.8243 5.9005 -6.9077
340 -48.1516 28.4851 4.7018 1.8212 5.9002 -6.9463
341 -48.0475 28.6130 4.6599 1.8173 5.9002 -6.9865
342 -47.9385 28.7363 4.6189 1.8125 5.9005 -7.0282
343 -47.8244 28.8548 4.5788 1.8068 5.9012 -7.0711
344 -47.7052 28.9684 4.5398 1.8003 5.9021 -7.1152
345 -47.5805 29.0769 4.5018 1.7928 5.9035 -7.1602
346 -47.4503 29.1803 4.4650 1.7845 5.9051 -7.2059
347 -47.3144 29.2783 4.4294 1.7754 5.9072 -7.2521
348 -47.1727 29.3709 4.3951 1.7655 5.9096 -7.2985
349 -47.0249 29.4579 4.3622 1.7549 5.9124 -7.3448
350 -46.8711 29.5392 4.3308 1.7437 5.9156 -7.3909
351 -46.7109 29.6146 4.3010 1.7320 5.9192 -7.4365
352 -46.5443 29.6841 4.2727 1.7199 5.9232 -7.4814
353 -46.3710 29.7474 4.2462 1.7076 5.9276 -7.5254
354 -46.1911 29.8045 4.2214 1.6953 5.9325 -7.5674
355 -46.0044 29.8555 4.1983 1.6836 5.9377 -7.6063
356 -45.8112 29.9006 4.1770 1.6726 5.9434 -7.6421
357 -45.6117 29.9401 4.1572 1.6623 5.9494 -7.6750
358 -45.4059 29.9740 4.1391 1.6526 5.9558 -7.7052
359 -45.1941 30.0027 4.1226 1.6436 5.9625 -7.7329
360 -44.9763 30.0264 4.1075 1.6352 5.9695 -7.7583
361 -44.7527 30.0452 4.0940 1.6275 5.9768 -7.7815
362 -44.5235 30.0593 4.0818 1.6202 5.9844 -7.8027
363 -44.2888 30.0690 4.0710 1.6135 5.9923 -7.8221
364 -44.0487 30.0745 4.0615 1.6073 6.0003 -7.8398
365 -43.8035 30.0760 4.0532 1.6015 6.0086 -7.8559
366 -43.5531 30.0737 4.0462 1.5962 6.0171 -7.8705
367 -43.2979 30.0677 4.0404 1.5912 6.0257 -7.8838
368 -43.0379 30.0584 4.0357 1.5866 6.0345 -7.8958
369 -42.7733 30.0458 4.0321 1.5824 6.0434 -7.9067
370 -42.5041 30.0303 4.0295 1.5785 6.0524 -7.9164
371 -42.2307 30.0120 4.0279 1.5749 6.0615 -7.9252
372 -41.9530 29.9911 4.0272 1.5716 6.0707 -7.9330
373 -41.6713 29.9678 4.0274 7.8517 6.0799 -7.9398
374 -41.3857 29.9423 4.0285 7.8489 6.0892 -7.9459
375 -41.0963 29.9149 4.0304 7.8463 6.0985 -7.9511
376 -40.8033 29.8856 4.0330 7.8439 6.1077 -7.9555
377 -40.5068 29.8549 4.0363 7.8417 6.1170 -7.9592
378 -40.2070 29.8227 4.0403 7.8398 6.1261 -7.9622
379 -39.9039 29.7894 4.0449 7.8380 6.1352 -7.9646
380 -39.5979 29.7551 4.0501 7.8364 6.1443 -7.9663
381 -39.2889 29.7201 4.0558 7.8349 6.1532 -7.9673
382 -38.9771 29.6845 4.0620 7.8337 6.1619 -7.9678
383 -38.6628 29.6486 4.0686 7.8326 6.1706 -7.9677
384 -38.3459 29.6125 4.0756 7.8316 6.1790 -7.9670
385 -38.0267 29.5764 4.0829 7.8308 6.1873 -7.9658
386 -37.7053 29.5406 4.0906 7.8301 6.1954 -7.9640
387 -37.3818 29.5053 4.0984 7.8295 6.2032 -7.9616
388 -37.0564 29.4706 4.1065 7.8291 6.2108 -7.9588
389 -36.7292 29.4367 4.1147 7.8288 6.2181 -7.9554
390 -36.4004 29.4039 4.1231 7.8287 6.2252 -7.9514
391 -36.0700 29.3723 4.1315 7.8287 6.2319 -7.9470
392 -35.7383 29.3422 4.1399 7.8288 6.2383 -7.9420
393 -35.4054 29.3137 4.1483 7.8290 6.2444 -7.9366
394 -35.0714 29.2871 4.1566 7.8293 6.2501 -7.9305
395 -34.7365 29.2624 4.1648 7.8298 6.2554 -7.9240
396 -34.4007 29.2401 4.1729 7.8304 6.2603 -7.9169
397 -34.0643 29.2201 4.1807 7.8311 6.2648 -7.9093
398 -33.7274 29.2028 4.1883 7.8319 6.2688 -7.9012
399 -33.3900 29.1883 4.1956 7.8329 6.2724 -7.8925
400 -33.0525 29.1769 4.2025 7.8340 6.2755 -7.8832
401 -32.7148 29.1686 4.2091 7.8352 6.2782 -7.8734
402 -32.3771 29.1638 4.2152 7.8365 6.2802 -7.8630
403 -32.0396 29.1626 4.2208 7.8380 6.2818 -7.8520
404 -31.7024 29.1652 4.2260 7.8396 6.2828 -7.8404
405 -31.3656 29.1718 4.2305 7.8413 0.0000 -7.8282
406 -31.0294 29.1826 4.2345 7.8432 6.2830 -7.8155
407 -30.6939 29.1976 4.2378 7.8450 6.2823 -7.8032
408 -30.3592 29.2166 4.2405 7.8467 6.2809 -7.7914
409 -30.0254 29.2394 4.2427 7.8484 6.2790 -7.7803
410 -29.6927 29.2657 4.2443 7.8499 6.2766 -7.7697
411 -29.3612 29.2954 4.2454 7.8514 6.2737 -7.7598
412 -29.0308 29.3282 4.2460 7.8529 6.2702 -7.7504
413 -28.7019 29.3638 4.2461 1.5710 6.2663 -7.7417
414 -28.3744 29.4021 4.2458 1.5723 6.2620 -7.7335
415 -28.0485 29.4429 4.2451 1.5735 6.2572 -7.7258
416 -27.7244 29.4858 4.2441 1.5746 6.2521 -7.7188
417 -27.4020 29.5308 4.2426 1.5757 6.2465 -7.7123
418 -27.0816 29.5774 4.2409 1.5767 6.2406 -7.7064
419 -26.7632 29.6257 4.2388 1.5776 6.2344 -7.7011
420 -26.4470 29.6752 4.2365 1.5784 6.2278 -7.6963
421 -26.1330 29.7258 4.2340 1.5792 6.2210 -7.6921
422 -25.8213 29.7773 4.2312 1.5799 6.2138 -7.6885
423 -25.5122 29.8294 4.2283 1.5805 6.2065 -7.6855
424 -25.2056 29.8820 4.2252 1.5811 6.1989 -7.6830
425 -24.9017 29.9348 4.2219 1.5815 6.1911 -7.6812
426 -24.6006 29.9875 4.2186 1.5819 6.1831 -7.6800
427 -24.3025 30.0400 4.2151 1.5822 6.1749 -7.6795
428 -24.0073 30.0920 4.2117 1.5825 6.1666 -7.6796
429 -23.7153 30.1434 4.2082 1.5826 6.1582 -7.6803
430 -23.4265 30.1938 4.2047 1.5827 6.1497 -7.6818
431 -23.1411 30.2432 4.2012 1.5827 6.1411 -7.6840
432 -22.8591 30.2911 4.1979 1.5826 6.1325 -7.6869
433 -22.5807 30.3376 4.1945 1.5824 6.1238 -7.6907
434 -22.3060 30.3822 4.1914 1.5821 6.1151 -7.6952
435 -22.0350 30.4249 4.1883 1.5817 6.1064 -7.7006
436 -21.7679 30.4653 4.1854 1.5812 6.0977 -7.7070
437 -21.5048 30.5033 4.1827 1.5806 6.0891 -7.7143
438 -21.2459 30.5387 4.1802 1.5799 6.0806 -7.7226
439 -20.9911 30.5712 4.1780 1.5790 6.0721 -7.7320
440 -20.7406 30.6006 4.1761 1.5780 6.0638 -7.7425
441 -20.4946 30.6266 4.1744 1.5769 6.0556 -7.7543
442 -20.2531 30.6492 4.1731 1.5756 6.0475 -7.7675
443 -20.0163 30.6681 4.1721 1.5741 6.0397 -7.7821
444 -19.7841 30.6829 4.1715 1.5725 6.0320 -7.7982
445 -19.5569 30.6937 4.1714 7.8538 6.0246 -7.8159
446 -19.3346 30.7000 4.1716 7.8518 6.0173 -7.8355
447 -19.1174 30.7017 4.1723 7.8495 6.0104 -7.8570
448 -18.9053 30.6986 4.1736 7.8470 6.0037 -7.8805
449 -18.6985 30.6905 4.1753 7.8443 5.9973 -7.9064
450 -18.4971 30.6772 4.1775 7.8412 5.9913 -7.9346
451 -18.3012 30.6583 4.1804 7.8379 5.9856 -7.9655
452 -18.1109 30.6338 4.1838 7.8343 5.9802 -7.9991
453 -17.9263 30.6035 4.1878 7.8304 5.9753 -8.0357
454 -17.7475 30.5670 4.1925 7.8261 5.9707 -8.0755
455 -17.5746 30.5242 4.1979 7.8216 5.9666 -8.1185
456 -17.4077 30.4749 4.2039 7.8167 5.9629 -8.1649
457 -17.2470 30.4188 4.2107 7.8115 5.9597 -8.2148
458 -17.0924 30.3558 4.2183 7.8061 5.9570 -8.2682
459 -16.9443 30.2856 4.2266 7.8005 5.9548 -8.3248
460 -16.8024 30.2082 4.2356 7.7952 5.9531 -8.3829
461 -16.6668 30.1235 4.2454 7.7904 5.9519 -8.4413
462 -16.5373 30.0318 4.2559 7.7862 5.9513 -8.4997
463 -16.4138 29.9330 4.2669 7.7826 5.9511 -8.5576
464 -16.2962 29.8272 4.2785 7.7796 5.9513 -8.6146
465 -16.1843 29.7146 4.2905 7.7774 5.9520 -8.6702
466 -16.0779 29.5952 4.3029 7.7757 5.9532 -8.7240
467 -15.9771 29.4690 4.3157 7.7748 5.9548 -8.7759
468 -15.8815 29.3363 4.3287 7.7744 5.9569 -8.8256
469 -15.7913 29.1970 4.3419 7.7746 5.9593 -8.8730
470 -15.7060 29.0513 4.3553 7.7753 5.9621 -8.9178
471 -15.6258 28.8992 4.3687 7.7765 5.9653 -8.9602
472 -15.5504 28.7408 4.3822 7.7781 5.9689 -9.0000
473 -15.4796 28.5762 4.3957 7.7801 5.9729 -9.0374
474 -15.4135 28.4055 4.4090 7.7825 5.9772 -9.0724
475 -15.3518 28.2287 4.4222 7.7851 5.9818 -9.1051
476 -15.2945 28.0459 4.4351 7.7880 5.9868 -9.1356
477 -15.2413 27.8573 4.4478 7.7911 5.9921 -9.1640
478 -15.1922 27.6630 4.4600 7.7944 5.9976 -9.1905
479 -15.1471 27.4628 4.4719 7.7979 6.0035 -9.2150
480 -15.1058 27.2571 4.4833 7.8015 6.0096 -9.2378
481 -15.0682 27.0458 4.4942 7.8053 6.0160 -9.2590
482 -15.0341 26.8290 4.5044 7.8092 6.0227 -9.2786
483 -15.0035 26.6069 4.5140 7.8132 6.0296 -9.2968
484 -14.9762 26.3794 4.5229 7.8173 6.0367 -9.3137
485 -14.9522 26.1467 4.5310 7.8215 6.0440 -9.3293
486 -14.9311 25.9089 4.5382 7.8258 6.0516 -9.3437
487 -14.9131 25.6660 4.5446 7.8302 6.0593 -9.3571
488 -14.8978 25.4181 4.5499 7.8346 6.0672 -9.3694
489 -14.8853 25.1653 4.5543 7.8391 6.0753 -9.3807
490 -14.8753 24.9077 4.5575 7.8437 6.0835 -9.3912
491 -14.8677 24.6454 4.5596 7.8484 6.0919 -9.4008
492 -14.8625 24.3784 4.5604 7.8531 6.1004 -9.4096
493 -14.8595 24.1068 4.5600 1.5747 6.1090 -9.4176
494 -14.8586 23.8308 4.5583 1.5796 6.1178 -3.1418
495 -14.8596 23.5503 4.5551 1.5845 6.1266 -3.1485
496 -14.8624 23.2655 4.5505 1.5895 6.1355 -3.1546
497 -14.8670 22.9764 4.5444 1.5945 6.1445 -3.1600
498 -14.8731 22.6831 4.5367 1.5996 6.1536 -3.1649
499 -14.8807 22.3858 4.5273 1.6048 6.1627 -3.1693
500 -14.8897 22.0844 4.5163 1.6101 6.1718 -3.1731
501 -14.8998 21.7791 4.5035 1.6154 6.1810 -3.1764
502 -14.9110 21.4699 4.4888 1.6208 6.1901 -3.1793
503 -14.9232 21.1570 4.4723 1.6262 6.1993 -3.1818
504 -14.9363 20.8403 4.4539 1.6318 6.2085 -3.1838
505 -14.9501 20.5201 4.4334 1.6374 6.2176 -3.1853
506 -14.9644 20.1962 4.4108 1.6430 6.2267 -3.1865
507 -14.9793 19.8690 4.3862 1.6488 6.2358 -3.1873
508 -14.9945 19.5383 4.3593 1.6546 6.2448 -3.1878
509 -15.0100 19.2044 4.3303 1.6605 6.2537 -3.1879
510 -15.0256 18.8672 4.2989 1.6665 6.2626 -3.1876
511 -15.0411 18.5269 4.2651 1.6726 6.2714 -3.1870
512 -15.0566 18.1835 4.2289 1.6787 6.2800 -3.1860
513 -15.0718 17.8371 4.1903 1.6849 0.0054 -3.1848
514 -15.0866 17.4879 4.1492 1.6908 0.0138 -3.1835
515 -15.1011 17.1362 4.1057 1.6964 0.0221 -3.1820
516 -15.1151 16.7821 4.0600 1.7017 0.0303 -3.1804
517 -15.1287 16.4260 4.0122 1.7068 0.0383 -3.1787
518 -15.1416 16.0680 3.9623 1.7116 0.0462 -3.1769
519 -15.1539 15.7085 3.9104 1.7163 0.0540 -3.1749
520 -15.1656 15.3475 3.8567 1.7207 0.0616 -3.1728
521 -15.1765 14.9855 3.8012 1.7249 0.0691 -3.1706
522 -15.1867 14.6226 3.7440 1.7290 0.0764 -3.1683
523 -15.1959 14.2591 3.6853 1.7329 0.0836 -3.1658
524 -15.2043 13.8952 3.6251 1.7366 0.0906 -3.1632
525 -15.2116 13.5311 3.5635 1.7401 0.0975 -3.1605
526 -15.2180 13.1671 3.5006 1.7435 0.1042 -3.1576
527 -15.2232 12.8035 3.4365 1.7468 0.1108 -3.1545
528 -15.2273 12.4405 3.3714 1.7499 0.1171 -3.1513
529 -15.2302 12.0782 3.3052 1.7529 0.1234 -3.1479
530 -15.2319 11.7170 3.2381 1.7558 0.1294 -3.1443
531 -15.2322 11.3571 3.1702 1.7586 0.1352 -9.4238
532 -15.2311 10.9987 3.1017 1.7612 0.1409 -9.4198
533 -15.2286 10.6421 3.0324 1.7637 0.1464 -9.4157
534 -15.2246 10.2875 2.9627 1.7661 0.1517 -9.4113
535 -15.2191 9.9351 2.8926 1.7685 0.1568 -9.4067
536 -15.2119 9.5852 2.8221 1.7707 0.1617 -9.4019
537 -15.2031 9.2380 2.7513 1.7728 0.1665 -9.3968
538 -15.1926 8.8938 2.6805 1.7747 0.1710 -9.3915
539 -15.1803 8.5528 2.6095 1.7766 0.1753 -9.3858
540 -15.1661 8.2152 2.5387 1.7784 0.1794 -9.3799
541 -15.1501 7.8812 2.4679 1.7801 0.1833 -9.3736
542 -15.1321 7.5512 2.3974 1.7817 0.1870 -9.3669
543 -15.1121 7.2253 2.3273 1.7832 0.1905 -9.3599
544 -15.0900 6.9037 2.2575 1.7846 0.1937 -9.3524
545 -15.0658 6.5868 2.1883 1.7859 0.1968 -9.3446
546 -15.0394 6.2747 2.1197 1.7871 0.1996 -9.3362
547 -15.0108 5.9677 2.0518 1.7881 0.2022 -9.3273
548 -14.9798 5.6660 1.9846 1.7890 0.2045 -9.3179
549 -14.9466 5.3698 1.9184 1.7898 0.2066 -9.3078
550 -14.9109 5.0795 1.8532 1.7905 0.2085 -9.2971
551 -14.8728 4.7951 1.7890 1.7910 0.2101 -9.2857
552 -14.8321 4.5170 1.7260 1.7914 0.2115 -9.2734
553 -14.7889 4.2453 1.6643 1.7916 0.2126 -9.2603
554 -14.7430 3.9804 1.6039 1.7916 0.2135 -9.2462
555 -14.6945 3.7224 1.5450 1.7914 0.2142 -9.2310
556 -14.6432 3.4716 1.4877 1.7910 0.2145 -9.2147
557 -14.5891 3.2282 1.4319 1.7903 0.2147 -9.1971
558 -14.5321 2.9924 1.3779 1.7894 0.2145 -9.1780
559 -14.4722 2.7645 1.3257 1.7880 0.2141 -9.1573
560 -14.4094 2.5448 1.2755 1.7864 0.2134 -9.1348
561 -14.3435 2.3333 1.2272 1.7842 0.2124 -9.1102
562 -14.2745 2.1304 1.1811 1.7816 0.2112 -9.0834
563 -14.2024 1.9364 1.1371 1.7784 0.2097 -9.0541
564 -14.1271 1.7513 1.0954 1.7744 0.2079 -9.0219
565 -14.0486 1.5755 1.0561 1.7697 0.2058 -8.9865
566 -13.9668 1.4093 1.0193 1.7640 0.2034 -8.9474
567 -13.8815 1.2527 0.9850 1.7573 0.2008 -8.9044
568 -13.7929 1.1058 0.9533 1.7495 0.1978 -8.8582
569 -13.7008 0.9685 0.9242 1.7407 0.1946 -8.8089
570 -13.6052 0.8405 0.8976 1.7309 0.1911 -8.7568
571 -13.5059 0.7215 0.8734 1.7200 0.1874 -8.7020
572 -13.4031 0.6114 0.8516 1.7081 0.1834 -8.6448
573 -13.2965 0.5098 0.8322 1.6952 0.1792 -8.5858
574 -13.1862 0.4165 0.8152 1.6815 0.1749 -8.5254
575 -13.0721 0.3314 0.8004 1.6670 0.1703 -8.4643
576 -12.9541 0.2541 0.7878 1.6521 0.1655 -8.4032
577 -12.8322 0.1845 0.7774 1.6369 0.1606 -8.3427
578 -12.7063 0.1223 0.7692 1.6217 0.1556 -8.2835
579 -12.5764 0.0673 0.7631 1.6067 0.1504 -8.2263
580 -12.4424 0.0192 0.7590 1.5921 0.1451 -8.1714
581 -12.3043 -0.0222 0.7570 1.5782 0.1397 -8.1193
582 -12.1620 -0.0571 0.7569 7.8481 0.1342 -8.0703
583 -12.0154 -0.0858 0.7587 7.8356 0.1287 -8.0245
584 -11.8645 -0.1084 0.7624 7.8240 0.1230 -7.9821
585 -11.7092 -0.1253 0.7679 7.8133 0.1174 -7.9430
586 -11.5496 -0.1366 0.7752 7.8034 0.1117 -7.9072
587 -11.3854 -0.1426 0.7843 7.7944 0.1059 -7.8745
588 -11.2168 -0.1435 0.7951 7.7862 0.1002 -7.8449
589 -11.0435 -0.1396 0.8075 7.7788 0.0945 -7.8181
590 -10.8656 -0.1310 0.8215 7.7721 0.0888 -7.7941
591 -10.6830 -0.1180 0.8371 7.7660 0.0831 -7.7726
592 -10.4957 -0.1009 0.8542 7.7606 0.0775 -7.7535
593 -10.3036 -0.0798 0.8728 7.7557 0.0720 -7.7365
594 -10.1066 -0.0551 0.8929 7.7513 0.0665 -7.7217
595 -9.9047 -0.0268 0.9143 7.7474 0.0611 -7.7087
596 -9.6978 0.0047 0.9370 7.7439 0.0559 -7.6975
597 -9.4859 0.0392 0.9611 7.7408 0.0507 -7.6879
598 -9.2690 0.0765 0.9864 7.7381 0.0457 -7.6799
599 -9.0469 0.1163 1.0130 7.7357 0.0409 -7.6733
600 -8.8196 0.1585 1.0407 7.7337 0.0362 -7.6679
601 -8.5871 0.2028 1.0695 7.7319 0.0316 -7.6638
602 -8.3493 0.2489 1.0994 7.7304 0.0273 -7.6609
603 -8.1062 0.2967 1.1304 7.7291 0.0232 -7.6590
604 -7.8576 0.3459 1.1623 7.7280 0.0193 -7.6581
605 -7.6036 0.3964 1.1952 7.7272 0.0156 -7.6582
606 -7.3441 0.4477 1.2291 7.7266 0.0121 -7.6591
607 -7.0790 0.4998 1.2637 7.7261 0.0090 -7.6608
608 -6.8083 0.5525 1.2992 7.7258 0.0061 -7.6633
609 -6.5320 0.6054 1.3355 7.7257 0.0034 -7.6665
610 -6.2498 0.6583 1.3725 7.7258 0.0011 -7.6704
611 -5.9620 0.7111 1.4102 7.7260 6.2823 -7.6749
612 -5.6683 0.7635 1.4486 7.7263 6.2806 -7.6800
613 -5.3687 0.8153 1.4875 7.7268 6.2793 -7.6857
614 -5.0631 0.8662 1.5270 7.7274 6.2783 -7.6920
615 -4.7516 0.9161 1.5671 7.7281 6.2777 -7.6987
616 -4.4340 0.9646 1.6076 7.7290 6.2775 -7.7059
617 -4.1103 1.0117 1.6485 7.7299 6.2777 -7.7135
618 -3.7805 1.0570 1.6899 7.7310 6.2782 -7.7216
619 -3.4444 1.1003 1.7315 7.7322 6.2792 -7.7300
620 -3.1021 1.1414 1.7735 7.7335 6.2807 -7.7388
621 -2.7535 1.1801 1.8157 7.7348 6.2826 -7.7480
622 -2.3985 1.2162 1.8582 7.7362 0.0017 -7.7572
623 -2.0374 1.2497 1.9009 7.7376 0.0045 -7.7658
624 -1.6704 1.2806 1.9437 7.7388 0.0078 -7.7738
625 -1.2978 1.3092 1.9867 7.7400 0.0114 -7.7811
626 -0.9201 1.3354 2.0298 7.7411 0.0155 -7.7879
627 -0.5374 1.3595 2.0731 7.7421 0.0200 -7.7942
628 -0.1500 1.3816 2.1165 7.7431 0.0248 -7.8000
629 0.2416 1.4017 2.1599 7.7440 0.0299 -7.8054
630 0.6372 1.4199 2.2035 7.7448 0.0354 -7.8103
631 1.0366 1.4365 2.2471 7.7456 0.0412 -7.8148
632 1.4393 1.4514 2.2908 7.7464 0.0473 -7.8190
633 1.8451 1.4648 2.3346 7.7471 0.0536 -7.8227
634 2.2537 1.4769 2.3783 7.7477 0.0602 -7.8262
635 2.6648 1.4877 2.4220 7.7483 0.0671 -7.8293
636 3.0780 1.4973 2.4658 7.7488 0.0742 -7.8320
637 3.4931 1.5059 2.5095 7.7493 0.0814 -7.8345
638 3.9097 1.5136 2.5532 7.7498 0.0889 -7.8367
639 4.3276 1.5204 2.5968 7.7502 0.0965 -7.8385
640 4.7464 1.5265 2.6403 7.7506 0.1043 -7.8401
641 5.1659 1.5321 2.6838 7.7509 0.1122 -7.8414
642 5.5857 1.5371 2.7271 7.7512 0.1202 -7.8424
643 6.0055 1.5418 2.7704 7.7515 0.1283 -7.8432
644 6.4251 1.5462 2.8135 7.7517 0.1365 -7.8437
645 6.8441 1.5505 2.8564 7.7519 0.1447 -7.8439
646 7.2622 1.5547 2.8992 7.7521 0.1530 -7.8438
647 7.6791 1.5590 2.9418 7.7522 0.1613 -7.8435
648 8.0946 1.5635 2.9842 7.7523 0.1696 -7.8428
649 8.5082 1.5683 3.0264 7.7524 0.1779 -7.8419
650 8.9197 1.5735 3.0684 7.7524 0.1861 -7.8407
651 9.3289 1.5792 3.1101 7.7523 0.1943 -7.8393
652 9.7354 1.5855 3.1516 7.7523 0.2025 -7.8375
653 10.1388 1.5926 3.1928 7.7522 0.2105 -7.8354
654 10.5390 1.6005 3.2337 7.7521 0.2185 -7.8329
655 10.9355 1.6094 3.2743 7.7519 0.2263 -7.8301
656 11.3282 1.6194 3.3145 7.7517 0.2340 -7.8270
657 11.7167 1.6305 3.3545 7.7514 0.2416 -7.8235
658 12.1006 1.6430 3.3941 7.7511 0.2489 -7.8196
659 12.4798 1.6568 3.4333 7.7508 0.2561 -7.8153
660 12.8538 1.6721 3.4722 7.7504 0.2631 -7.8105
661 13.2225 1.6891 3.5106 7.7499 0.2698 -7.8053
662 13.5854 1.7078 3.5487 7.7494 0.2763 -7.7996
663 13.9424 1.7284 3.5863 7.7489 0.2826 -7.7933
664 14.2930 1.7509 3.6235 7.7482 0.2885 -7.7864
665 14.6371 1.7755 3.6602 7.7476 0.2942 -7.7789
666 14.9742 1.8022 3.6965 7.7468 0.2995 -7.7707
667 15.3042 1.8312 3.7322 7.7460 0.3046 -7.7617
668 15.6266 1.8626 3.7675 7.7451 0.3092 -7.7519
669 15.9413 1.8965 3.8023 7.7441 0.3135 -7.7412
670 16.2479 1.9331 3.8365 7.7431 0.3175 -7.7294
671 16.5461 1.9723 3.8701 7.7419 0.3210 -7.7166
672 16.8356 2.0144 3.9032 7.7407 0.3241 -7.7025
673 17.1161 2.0594 3.9358 7.7393 0.3267 -7.6870
674 17.3874 2.1074 3.9677 7.7378 0.3289 -7.6699
675 17.6490 2.1586 3.9990 7.7362 0.3307 -7.6511
676 17.9009 2.2131 4.0297 7.7345 0.3319 -7.6303
677 18.1425 2.2710 4.0598 7.7327 0.3327 -7.6073
678 18.3740 2.3323 4.0892 7.7310 0.3329 -7.5822
679 18.5956 2.3972 4.1179 7.7295 0.3326 -7.5551
680 18.8074 2.4659 4.1460 7.7282 0.3319 -7.5257
681 19.0098 2.5383 4.1733 7.7272 0.3307 -7.4940
682 19.2029 2.6147 4.1998 7.7265 0.3291 -7.4599
683 19.3870 2.6952 4.2256 7.7262 0.3270 -7.4234
684 19.5623 2.7798 4.2506 7.7264 0.3245 -7.3845
685 19.7289 2.8687 4.2748 7.7271 0.3216 -7.3432
686 19.8873 2.9620 4.2981 7.7283 0.3183 -7.2996
687 20.0376 3.0597 4.3206 7.7302 0.3147 -7.2539
688 20.1799 3.1621 4.3422 7.7327 0.3107 -7.2064
689 20.3146 3.2693 4.3629 7.7359 0.3063 -7.1574
690 20.4418 3.3812 4.3827 7.7398 0.3016 -7.1071
691 20.5619 3.4981 4.4015 7.7444 0.2966 -7.0562
692 20.6749 3.6201 4.4194 7.7496 0.2913 -7.0049
693 20.7812 3.7473 4.4363 7.7554 0.2858 -6.9539
694 20.8809 3.8797 4.4522 7.7618 0.2799 -6.9036
695 20.9744 4.0176 4.4670 7.7686 0.2738 -6.8544
696 21.0617 4.1609 4.4808 7.7757 0.2674 -6.8068
697 21.1432 4.3099 4.4935 7.7830 0.2609 -6.7610
698 21.2190 4.4646 4.5051 7.7905 0.2541 -6.7174
699 21.2895 4.6252 4.5155 7.7981 0.2471 -6.6762
700 21.3547 4.7917 4.5249 7.8056 0.2399 -6.6375
701 21.4150 4.9643 4.5330 7.8130 0.2326 -6.6014
702 21.4706 5.1431 4.5400 7.8204 0.2251 -6.5680
703 21.5216 5.3282 4.5458 7.8275 0.2174 -6.5371
704 21.5683 5.5197 4.5503 7.8344 0.2097 -6.5087
705 21.6110 5.7177 4.5536 7.8411 0.2018 -6.4827
706 21.6498 5.9223 4.5556 7.8475 0.1938 -6.4592
707 21.6850 6.1337 4.5563 7.8537 0.1858 -6.4378
708 21.7168 6.3519 4.5557 1.5765 0.1776 -6.4185
709 21.7455 6.5771 4.5538 1.5822 0.1695 -6.4012
710 21.7712 6.8094 4.5504 1.5877 0.1613 -6.3858
711 21.7941 7.0488 4.5457 1.5929 0.1530 -6.3721
712 21.8146 7.2956 4.5396 1.5979 0.1448 -6.3600
713 21.8327 7.5497 4.5321 1.6027 0.1365 -6.3494
714 21.8489 7.8114 4.5231 1.6073 0.1283 -6.3402
715 21.8631 8.0807 4.5127 1.6117 0.1201 -6.3323
716 21.8758 8.3577 4.5007 1.6160 0.1120 -6.3256
717 21.8870 8.6426 4.4872 1.6200 0.1039 -6.3200
718 21.8971 8.9355 4.4722 1.6239 0.0959 -6.3154
719 21.9062 9.2364 4.4557 1.6276 0.0880 -6.3118
720 21.9146 9.5455 4.4375 1.6312 0.0802 -6.3090
721 21.9225 9.8629 4.4178 1.6346 0.0725 -6.3071
722 21.9301 10.1887 4.3964 1.6379 0.0649 -6.3060
723 21.9376 10.5230 4.3734 1.6411 0.0575 -6.3055
724 21.9453 10.8659 4.3487 1.6442 0.0503 -6.3057
725 21.9534 11.2176 4.3223 1.6471 0.0432 -6.3065
726 21.9620 11.5781 4.2942 1.6499 0.0363 -6.3079
727 21.9715 11.9476 4.2644 1.6527 0.0297 -6.3098
728 21.9820 12.3261 4.2328 1.6553 0.0232 -6.3121
729 21.9937 12.7138 4.1995 1.6578 0.0170 -6.3149
730 22.0069 13.1108 4.1644 1.6603 0.0110 -6.3181
731 22.0219 13.5171 4.1274 1.6626 0.0053 -6.3217
732 22.0387 13.9330 4.0886 1.6649 6.2831 -6.3256
733 22.0576 14.3584 4.0479 1.6670 6.2779 -6.3295
734 22.0785 14.7932 4.0055 1.6688 6.2731 -6.3330
735 22.1014 15.2371 3.9615 1.6703 6.2685 -6.3362
736 22.1261 15.6899 3.9159 1.6717 6.2642 -6.3391
737 22.1526 16.1514 3.8688 1.6728 6.2601 -6.3418
738 22.1807 16.6213 3.8204 1.6737 6.2564 -6.3441
739 22.2104 17.0993 3.7708 1.6744 6.2528 -6.3462
740 22.2416 17.5854 3.7200 1.6750 6.2496 -6.3481
741 22.2741 18.0791 3.6681 1.6753 6.2466 -6.3498
742 22.3079 18.5803 3.6154 1.6756 6.2438 -6.3513
743 22.3429 19.0887 3.5618 1.6756 6.2412 -6.3525
744 22.3790 19.6041 3.5074 1.6755 6.2389 -6.3536
745 22.4161 20.1263 3.4525 1.6753 6.2368 -6.3545
746 22.4541 20.6550 3.3970 1.6749 6.2350 -6.3553
747 22.4929 21.1901 3.3410 1.6744 6.2333 -6.3559
748 22.5325 21.7312 3.2848 1.6738 6.2319 -6.3563
749 22.5726 22.2781 3.2283 1.6731 6.2306 -6.3566
750 22.6133 22.8306 3.1717 1.6722 6.2296 -6.3568
751 22.6545 23.3885 3.1150 1.6712 6.2287 -6.3568
752 22.6960 23.9515 3.0585 1.6701 6.2281 -6.3567
753 22.7377 24.5194 3.0021 1.6689 6.2276 -6.3564
754 22.7796 25.0919 2.9460 1.6675 6.2273 -6.3561
755 22.8216 25.6689 2.8903 1.6661 6.2271 -6.3556
756 22.8636 26.2501 2.8351 1.6645 6.2272 -6.3549
757 22.9054 26.8352 2.7804 1.6628 6.2274 -6.3542
758 22.9471 27.4240 2.7265 1.6610 6.2277 -6.3533
759 22.9884 28.0164 2.6733 1.6591 6.2282 -6.3524
760 23.0294 28.6119 2.6210 1.6571 6.2288 -6.3513
761 23.0698 29.2106 2.5697 1.6550 6.2296 -6.3501
762 23.1097 29.8119 2.5195 1.6528 6.2305 -6.3487
763 23.1489 30.4159 2.4705 1.6504 6.2316 -6.3473
764 23.1874 31.0222 2.4228 1.6479 6.2327 -6.3457
765 23.2250 31.6305 2.3765 1.6454 6.2340 -6.3441
766 23.2616 32.2407 2.3316 1.6426 6.2354 -6.3423
767 23.2973 32.8526 2.2884 1.6398 6.2369 -6.3404
768 23.3317 33.4658 2.2468 1.6369 6.2385 -6.3383
769 23.3650 34.0802 2.2071 1.6338 6.2402 -6.3362
770 23.3969 34.6955 2.1692 1.6306 6.2420 -6.3339
771 23.4275 35.3116 2.1333 1.6272 6.2438 -6.3315
772 23.4565 35.9281 2.0996 1.6237 6.2458 -6.3290
773 23.4840 36.5448 2.0680 1.6201 6.2478 -6.3263
774 23.5097 37.1615 2.0387 1.6163 6.2499 -6.3235
775 23.5337 37.7780 2.0118 1.6124 6.2521 -6.3206
776 23.5558 38.3941 1.9874 1.6083 6.2543 -6.3175
777 23.5760 39.0094 1.9656 1.6041 6.2566 -6.3143
778 23.5941 39.6239 1.9465 1.5996 6.2589 -6.3110
779 23.6101 40.2371 1.9302 1.5951 6.2612 -6.3075
780 23.6238 40.8491 1.9168 1.5903 6.2636 -6.3038
781 23.6353 41.4594 1.9064 1.5854 6.2661 -6.3000
782 23.6443 42.0678 1.8990 1.5802 6.2685 -6.2960
783 23.6507 42.6742 1.8949 1.5749 6.2710 -6.2918
784 23.6546 43.2783 1.8941 7.8526 6.2735 -6.2874
785 23.6558 43.8798 1.8966 7.8468 6.2760 -6.2829
786 23.6543 44.4786 1.9027 7.8409 6.2785 -6.2782
787 23.6498 45.0744 1.9123 7.8347 6.2810 -6.2732
788 23.6424 45.6670 1.9257 7.8282 0.0004 -6.2681
789 23.6320 46.2561 1.9428 7.8218 0.0029 -6.2632
790 23.6190 46.8416 1.9635 7.8155 0.0053 -6.2588
791 23.6037 47.4234 1.9877 7.8093 0.0078 -6.2549
792 23.5864 48.0011 2.0153 7.8032 0.0102 -6.2516
793 23.5674 48.5748 2.0462 7.7972 0.0125 -6.2487
794 23.5471 49.1442 2.0802 7.7914 0.0148 -6.2465
795 23.5258 49.7092 2.1173 7.7856 0.0170 -6.2447
796 23.5039 50.2695 2.1573 7.7800 0.0191 -6.2435
797 23.4817 50.8251 2.2000 7.7745 0.0212 -6.2429
798 23.4594 51.3757 2.2455 7.7690 0.0231 -6.2429
799 23.4376 51.9211 2.2934 7.7637 0.0248 -6.2435
800 23.4164 52.4613 2.3438 7.7585 0.0265 -6.2446
801 23.3962 52.9961 2.3965 7.7533 0.0280 -6.2465
802 23.3774 53.5252 2.4513 7.7482 0.0294 -6.2490
803 23.3603 54.0485 2.5082 7.7433 0.0306 -6.2521
804 23.3452 54.5659 2.5670 7.7384 0.0316 -6.2560
805 23.3325 55.0771 2.6277 7.7336 0.0324 -6.2606
806 23.3224 55.5821 2.6900 7.7288 0.0331 -6.2660
807 23.3153 56.0806 2.7539 7.7242 0.0335 -6.2722
808 23.3116 56.5725 2.8192 7.7196 0.0337 -6.2793
809 23.3116 57.0576 2.8859 7.7152 0.0337 -6.2872
810 23.3156 57.5357 2.9538 7.7108 0.0335 -6.2961
811 23.3240 58.0067 3.0228 7.7065 0.0330 -6.3059
812 23.3370 58.4704 3.0927 7.7023 0.0322 -6.3168
813 23.3550 58.9267 3.1634 7.6982 0.0312 -6.3288
814 23.3784 59.3753 3.2349 7.6942 0.0299 -6.3419
815 23.4075 59.8161 3.3070 7.6903 0.0282 -6.3563
816 23.4425 60.2490 3.3796 7.6866 0.0263 -6.3719
817 23.4839 60.6738 3.4525 7.6829 0.0241 -6.3890
818 23.5319 61.0903 3.5257 7.6795 0.0215 -6.4074
819 23.5870 61.4983 3.5990 7.6762 0.0186 -6.4274
820 23.6494 61.8977 3.6723 7.6731 0.0154 -6.4491
821 23.7194 62.2883 3.7454 7.6703 0.0118 -6.4724
822 23.7974 62.6700 3.8183 7.6677 0.0078 -6.4976
823 23.8838 63.0426 3.8909 7.6654 0.0034 -6.5246
824 23.9787 63.4058 3.9630 7.6634 6.2819 -6.5536
825 24.0827 63.7597 4.0344 7.6618 6.2767 -6.5847
826 24.1959 64.1039 4.1052 7.6606 6.2712 -6.6179
827 24.3189 64.4383 4.1751 7.6600 6.2652 -6.6533
828 24.4517 64.7628 4.2440 7.6599 6.2588 -6.6909
829 24.5949 65.0771 4.3119 7.6603 6.2519 -6.7307
830 24.7487 65.3812 4.3785 7.6615 6.2446 -6.7726
831 24.9134 65.6749 4.4438 7.6634 6.2368 -6.8167
832 25.0895 65.9579 4.5077 7.6661 6.2285 -6.8628
833 25.2771 66.2302 4.5700 7.6696 6.2198 -6.9108
834 25.4767 66.4915 4.6307 7.6739 6.2105 -6.9604
835 25.6886 66.7418 4.6895 7.6792 6.2007 -7.0113
836 25.9130 66.9808 4.7464 7.6853 6.1905 -7.0634
837 26.1504 67.2083 4.8013 7.6922 6.1796 -7.1162
838 26.4011 67.4242 4.8540 7.7000 6.1683 -7.1694
839 26.6653 67.6284 4.9044 7.7084 6.1564 -7.2227
840 26.9434 67.8206 4.9524 7.7175 6.1439 -7.2755
841 27.2358 68.0008 4.9979 7.7271 6.1309 -7.3277
842 27.5428 68.1687 5.0408 7.7371 6.1172 -7.3789
843 27.8646 68.3241 5.0809 7.7474 6.1030 -7.4287
844 28.2017 68.4670 5.1181 7.7579 6.0882 -7.4769
845 28.5542 68.5972 5.1523 7.7681 6.0727 -7.5226
846 28.9215 68.7148 5.1837 7.7776 6.0567 -7.5651
847 29.3032 68.8199 5.2122 7.7865 6.0401 -7.6045
848 29.6983 68.9128 5.2379 7.7948 6.0230 -7.6413
849 30.1064 68.9935 5.2609 7.8026 6.0055 -7.6756
850 30.5269 69.0622 5.2812 7.8098 5.9875 -7.7078
851 30.9589 69.1191 5.2990 7.8165 5.9691 -7.7379
852 31.4019 69.1643 5.3143 7.8227 5.9504 -7.7663
853 31.8553 69.1980 5.3272 7.8285 5.9313 -7.7930
854 32.3184 69.2203 5.3378 7.8339 5.9119 -7.8184
855 32.7905 69.2314 5.3461 7.8389 5.8923 -7.8424
856 33.2710 69.2314 5.3521 7.8437 5.8724 -7.8653
857 33.7592 69.2205 5.3561 7.8481 5.8524 -7.8872
858 34.2545 69.1988 5.3580 7.8522 5.8322 -7.9081
859 34.7562 69.1665 5.3579 1.5729 5.8119 -7.9283
860 35.2637 69.1237 5.3559 1.5765 5.7915 -7.9477
861 35.7764 69.0707 5.3520 1.5799 5.7711 -7.9665
862 36.2936 69.0074 5.3464 1.5831 5.7507 -7.9847
863 36.8146 68.9342 5.3391 1.5862 5.7303 -8.0025
864 37.3388 68.8511 5.3302 1.5890 5.7100 -8.0198
865 37.8656 68.7583 5.3197 1.5917 5.6897 -8.0369
866 38.3943 68.6559 5.3078 1.5942 5.6696 -8.0536
867 38.9242 68.5441 5.2944 1.5966 5.6497 -8.0701
868 39.4547 68.4231 5.2797 1.5989 5.6300 -8.0864
869 39.9852 68.2930 5.2638 1.6011 5.6106 -8.1026
870 40.5150 68.1539 5.2466 1.6031 5.5914 -8.1188
871 41.0435 68.0060 5.2284 1.6050 5.5725 -8.1349
872 41.5700 67.8495 5.2090 1.6068 5.5540 -8.1510
873 42.0939 67.6845 5.1887 1.6086 5.5359 -8.1673
874 42.6145 67.5111 5.1676 1.6102 5.5182 -8.1836
875 43.1312 67.3295 5.1455 1.6118 5.5010 -8.2002
876 43.6433 67.1400 5.1227 1.6132 5.4843 -8.2170
877 44.1502 66.9425 5.0993 1.6146 5.4680 -8.2341
878 44.6513 66.7372 5.0752 1.6159 5.4524 -8.2515
879 45.1458 66.5244 5.0505 1.6171 5.4374 -8.2693
880 45.6333 66.3041 5.0254 1.6183 5.4230 -8.2876
881 46.1129 66.0766 4.9999 1.6193 5.4092 -8.3064
882 46.5841 65.8419 4.9741 1.6203 5.3962 -8.3259
883 47.0462 65.6002 4.9480 1.6212 5.3840 -8.3460
884 47.4986 65.3517 4.9217 1.6221 5.3725 -8.3668
885 47.9407 65.0965 4.8953 1.6228 5.3618 -8.3885
886 48.3718 64.8347 4.8689 1.6235 5.3520 -8.4111
887 48.7912 64.5666 4.8425 1.6241 5.3431 -8.4348
888 49.1983 64.2922 4.8162 1.6246 5.3350 -8.4595
889 49.5925 64.0117 4.7900 1.6250 5.3280 -8.4855
890 49.9731 63.7253 4.7641 1.6252 5.3219 -8.5129
891 50.3395 63.4331 4.7385 1.6254 5.3169 -8.5418
892 50.6910 63.1353 4.7133 1.6254 5.3130 -8.5723
893 51.0270 62.8319 4.6886 1.6253 5.3101 -8.6046
894 51.3469 62.5233 4.6644 1.6251 5.3084 -8.6389
895 51.6500 62.2094 4.6408 1.6246 5.3078 -8.6752
896 51.9356 61.8905 4.6178 1.6240 5.3085 -8.7139
897 52.2032 61.5668 4.5956 1.6232 5.3104 -8.7549
898 52.4521 61.2383 4.5742 1.6221 5.3136 -8.7986
899 52.6816 60.9052 4.5537 1.6207 5.3181 -8.8450
900 52.8911 60.5676 4.5342 1.6191 5.3239 -8.8942
901 53.0800 60.2258 4.5157 1.6172 5.3312 -8.9457
902 53.2486 59.8800 4.4982 1.6152 5.3398 -8.9968
903 53.3976 59.5303 4.4817 1.6130 5.3497 -9.0470
904 53.5278 59.1772 4.4662 1.6107 5.3609 -9.0961
905 53.6398 58.8209 4.4517 1.6084 5.3733 -9.1437
906 53.7346 58.4616 4.4382 1.6061 5.3868 -9.1897
907 53.8128 58.0997 4.4256 1.6037 5.4015 -9.2339
908 53.8752 57.7355 4.4139 1.6013 5.4173 -9.2760
909 53.9226 57.3691 4.4030 1.5989 5.4341 -9.3160
910 53.9556 57.0010 4.3931 1.5965 5.4519 -9.3539
911 53.9752 56.6314 4.3840 1.5942 5.4707 -9.3896
912 53.9820 56.2606 4.3757 1.5920 5.4903 -9.4231
913 53.9767 55.8888 4.3682 1.5898 5.5107 -3.1711
914 53.9602 55.5164 4.3616 1.5877 5.5320 -3.2002
915 53.9332 55.1436 4.3556 1.5856 5.5540 -3.2272
916 53.8965 54.7707 4.3505 1.5836 5.5767 -3.2521
917 53.8508 54.3980 4.3460 1.5817 5.6000 -3.2749
918 53.7968 54.0258 4.3422 1.5799 5.6239 -3.2958
919 53.7354 53.6543 4.3392 1.5781 5.6484 -3.3148
920 53.6673 53.2838 4.3367 1.5764 5.6734 -3.3319
921 53.5931 52.9147 4.3349 1.5747 5.6988 -3.3472
922 53.5138 52.5472 4.3338 1.5731 5.7247 -3.3608
923 53.4300 52.1815 4.3332 1.5716 5.7509 -3.3726
924 53.3426 51.8181 4.3332 7.8532 5.7774 -3.3826
925 53.2522 51.4570 4.3337 7.8518 5.8042 -3.3910
926 53.1596 51.0987 4.3348 7.8504 5.8313 -3.3977
927 53.0655 50.7434 4.3364 7.8490 5.8584 -3.4026
928 52.9708 50.3914 4.3385 7.8476 5.8858 -3.4059
929 52.8762 50.0429 4.3410 7.8463 5.9131 -3.4074
930 52.7824 49.6984 4.3440 7.8449 5.9405 -3.4070
931 52.6902 49.3579 4.3475 7.8436 5.9679 -3.4048
932 52.6003 49.0219 4.3513 7.8423 5.9953 -3.4007
933 52.5136 48.6905 4.3555 7.8410 6.0225 -3.3944
934 52.4306 48.3642 4.3601 7.8398 6.0495 -3.3860
935 52.3523 48.0431 4.3650 7.8385 6.0764 -3.3752
936 52.2794 47.7275 4.3702 7.8372 6.1029 -3.3619
937 52.2125 47.4178 4.3757 7.8359 6.1292 -3.3459
938 52.1525 47.1142 4.3816 7.8345 6.1551 -3.3268
939 52.1001 46.8170 4.3876 7.8332 6.1806 -3.3045
940 52.0561 46.5264 4.3939 7.8318 6.2057 -3.2785
941 52.0213 46.2428 4.4005 7.8305 6.2303 -3.2485
942 51.9963 45.9664 4.4072 7.8291 6.2543 -3.2141
943 51.9819 45.6975 4.4141 7.8277 6.2777 -3.1748
944 51.9789 45.4364 4.4211 7.8263 0.0173 -9.4133
945 51.9880 45.1834 4.4283 7.8249 0.0395 -9.3627
946 52.0101 44.9388 4.4356 7.8237 0.0608 -9.3059
947 52.0457 44.7027 4.4430 7.8225 0.0814 -9.2423
948 52.0958 44.4757 4.4505 7.8214 0.1012 -9.1719
949 52.1610 44.2578 4.4580 7.8206 0.1201 -9.0948
950 52.2421 44.0493 4.4655 7.8201 0.1380 -9.0114
951 52.3398 43.8507 4.4730 7.8199 0.1550 -8.9228
952 52.4550 43.6620 4.4805 7.8201 0.1710 -8.8302
953 52.5883 43.4837 4.4880 7.8207 0.1859 -8.7354
954 52.7405 43.3160 4.4955 7.8217 0.1997 -8.6406
955 52.9124 43.1592 4.5028 7.8231 0.2123 -8.5476
956 53.1046 43.0135 4.5101 7.8248 0.2238 -8.4583
957 53.3181 42.8793 4.5172 7.8266 0.2339 -8.3740
958 53.5530 42.7566 4.5242 7.8285 0.2428 -8.2991
959 53.8090 42.6449 4.5311 7.8304 0.2505 -8.2343
960 54.0853 42.5435 4.5377 7.8321 0.2569 -8.1786
961 54.3812 42.4521 4.5443 7.8338 0.2621 -8.1306
962 54.6961 42.3699 4.5506 7.8353 0.2661 -8.0894
963 55.0293 42.2963 4.5567 7.8368 0.2690 -8.0540
964 55.3802 42.2309 4.5626 7.8381 0.2708 -8.0235
965 55.7482 42.1731 4.5683 7.8394 0.2716 -7.9972
966 56.1325 42.1222 4.5737 7.8405 0.2713 -7.9747
967 56.5324 42.0778 4.5789 7.8417 0.2700 -7.9554
968 56.9473 42.0391 4.5838 7.8427 0.2678 -7.9388
969 57.3767 42.0057 4.5884 7.8437 0.2646 -7.9248
970 57.8197 41.9770 4.5928 7.8447 0.2605 -7.9130
971 58.2758 41.9524 4.5968 7.8456 0.2555 -7.9031
972 58.7442 41.9314 4.6005 7.8465 0.2497 -7.8950
973 59.2243 41.9133 4.6039 7.8474 0.2430 -7.8886
974 59.7155 41.8975 4.6070 7.8482 0.2356 -7.8836
975 60.2170 41.8836 4.6097 7.8490 0.2274 -7.8800
976 60.7283 41.8710 4.6120 7.8498 0.2185 -7.8777
977 61.2486 41.8590 4.6139 7.8506 0.2090 -7.8766
978 61.7773 41.8471 4.6155 7.8514 0.1987 -7.8766
979 62.3138 41.8347 4.6166 7.8522 0.1879 -7.8777
980 62.8574 41.8213 4.6174 7.8530 0.1764 -7.8798
981 63.4073 41.8062 4.6177 7.8539 0.1645 -7.8830
982 63.9630 41.7890 4.6175 1.5715 0.1519 -7.8872
983 64.5238 41.7690 4.6169 1.5723 0.1389 -7.8923
984 65.0890 41.7456 4.6158 1.5731 0.1254 -7.8984
985 65.6580 41.7183 4.6143 1.5740 0.1115 -7.9055
986 66.2301 41.6866 4.6122 1.5748 0.0972 -7.9135
987 66.8046 41.6498 4.6096 1.5757 0.0825 -7.9226
988 67.3809 41.6073 4.6065 1.5766 0.0675 -7.9326
989 67.9583 41.5587 4.6029 1.5775 0.0521 -7.9436
990 68.5362 41.5032 4.5987 1.5785 0.0365 -7.9557
991 69.1140 41.4405 4.5940 1.5794 0.0207 -7.9689
992 69.6908 41.3698 4.5887 1.5804 0.0046 -7.9832
993 70.2662 41.2906 4.5828 1.5815 6.2716 -7.9986
994 70.8393 41.2023 4.5763 1.5825 6.2552 -8.0152
995 71.4096 41.1044 4.5692 1.5836 6.2387 -8.0330
996 71.9764 40.9962 4.5615 1.5847 6.2221 -8.0522
997 72.5390 40.8773 4.5532 1.5859 6.2055 -8.0726
998 73.0968 40.7471 4.5441 1.5871 6.1888 -8.0945
999 73.6491 40.6049 4.5345 1.5884 6.1722 -8.1178
1000 74.1953 40.4501 4.5241 1.5897 6.1556 -8.1426
1001 74.7346 40.2823 4.5131 1.5910 6.1391 -8.1689
1002 75.2664 40.1009 4.5014 1.5924 6.1226 -8.1969
1003 75.7902 39.9053 4.4889 1.5938 6.1064 -8.2265
1004 76.3051 39.6948 4.4757 1.5952 6.0903 -8.2578
1005 76.8106 39.4690 4.4618 1.5966 6.0743 -8.2908
1006 77.3059 39.2272 4.4472 1.5981 6.0587 -8.3256
1007 77.7905 38.9690 4.4318 1.5996 6.0433 -8.3621
1008 78.2636 38.6936 4.4155 1.6011 6.0281 -8.4003
1009 78.7246 38.4006 4.3986 1.6026 6.0134 -8.4403
1010 79.1729 38.0894 4.3808 1.6041 5.9989 -8.4818
1011 79.6077 37.7593 4.3621 1.6056 5.9849 -8.5249
1012 80.0285 37.4099 4.3427 1.6070 5.9713 -8.5694
1013 80.4345 37.0405 4.3224 1.6084 5.9581 -8.6151
1014 80.8252 36.6506 4.3013 1.6097 5.9454 -8.6614
1015 81.2003 36.2406 4.2793 1.6109 5.9333 -8.7060
1016 81.5601 35.8109 4.2565 1.6119 5.9216 -8.7488
1017 81.9048 35.3624 4.2330 1.6129 5.9104 -8.7898
1018 82.2346 34.8957 4.2086 1.6138 5.8996 -8.8290
1019 82.5496 34.4117 4.1836 1.6145 5.8894 -8.8664
1020 82.8501 33.9108 4.1578 1.6152 5.8796 -8.9020
1021 83.1363 33.3939 4.1314 1.6158 5.8702 -8.9359
1022 83.4083 32.8617 4.1043 1.6163 5.8613 -8.9683
1023 83.6664 32.3149 4.0767 1.6168 5.8529 -8.9991
1024 83.9107 31.7542 4.0484 1.6172 5.8448 -9.0284
1025 84.1414 31.1802 4.0195 1.6176 5.8373 -9.0564
1026 84.3588 30.5937 3.9902 1.6179 5.8301 -9.0830
1027 84.5630 29.9954 3.9603 1.6182 5.8234 -9.1084
1028 84.7542 29.3860 3.9299 1.6184 5.8170 -9.1327
1029 84.9327 28.7662 3.8991 1.6186 5.8111 -9.1559
1030 85.0986 28.1367 3.8679 1.6188 5.8056 -9.1782
1031 85.2520 27.4982 3.8363 1.6190 5.8005 -9.1994
1032 85.3933 26.8514 3.8043 1.6191 5.7958 -9.2199
1033 85.5226 26.1970 3.7720 1.6193 5.7914 -9.2395
1034 85.6401 25.5358 3.7394 1.6194 5.7874 -9.2583
1035 85.7459 24.8684 3.7065 1.6195 5.7838 -9.2765
1036 85.8403 24.1956 3.6733 1.6196 5.7806 -9.2941
1037 85.9236 23.5179 3.6399 1.6197 5.7777 -9.3110
1038 85.9957 22.8363 3.6063 1.6198 5.7752 -9.3275
1039 86.0571 22.1512 3.5726 1.6199 5.7730 -9.3434
1040 86.1078 21.4635 3.5386 1.6200 5.7712 -9.3589
1041 86.1480 20.7738 3.5046 1.6200 5.7697 -9.3740
1042 86.1780 20.0830 3.4705 1.6201 5.7685 -9.3887
1043 86.1980 19.3916 3.4364 1.6202 5.7677 -9.4031
1044 86.2081 18.7004 3.4022 1.6202 5.7671 -9.4172
1045 86.2085 18.0100 3.3680 1.6203 5.7669 -3.1479
1046 86.1995 17.3212 3.3338 1.6204 5.7670 -3.1615
1047 86.1812 16.6347 3.2997 1.6205 5.7674 -3.1750
1048 86.1538 15.9512 3.2657 1.6205 5.7680 -3.1883
1049 86.1175 15.2714 3.2317 1.6206 5.7690 -3.2015
1050 86.0725 14.5960 3.1980 1.6207 5.7702 -3.2147
1051 86.0190 13.9258 3.1643 1.6208 5.7717 -3.2278
1052 85.9572 13.2613 3.1309 1.6209 5.7735 -3.2409
1053 85.8874 12.6033 3.0977 1.6210 5.7755 -3.2540
1054 85.8096 11.9526 3.0647 1.6211 5.7778 -3.2672
1055 85.7240 11.3099 3.0321 1.6212 5.7804 -3.2806
1056 85.6310 10.6757 2.9997 1.6213 5.7831 -3.2941
1057 85.5306 10.0509 2.9676 1.6215 5.7862 -3.3078
1058 85.4231 9.4362 2.9360 1.6216 5.7894 -3.3218
1059 85.3087 8.8322 2.9047 1.6217 5.7929 -3.3361
1060 85.1875 8.2397 2.8738 1.6219 5.7966 -3.3507
1061 85.0598 7.6594 2.8434 1.6220 5.8005 -3.3659
1062 84.9257 7.0919 2.8134 1.6222 5.8046 -3.3815
1063 84.7854 6.5380 2.7840 1.6224 5.8089 -3.3978
1064 84.6392 5.9985 2.7550 1.6226 5.8134 -3.4148
1065 84.4872 5.4739 2.7267 1.6228 5.8181 -3.4326
1066 84.3297 4.9650 2.6989 1.6230 5.8229 -3.4513
1067 84.1667 4.4725 2.6717 1.6232 5.8280 -3.4712
1068 83.9986 3.9972 2.6452 1.6235 5.8332 -3.4922
1069 83.8255 3.5397 2.6193 1.6237 5.8386 -3.5148
1070 83.6476 3.1007 2.5942 1.6240 5.8441 -3.5389
1071 83.4651 2.6807 2.5697 1.6243 5.8498 -3.5646
1072 83.2780 2.2795 2.5460 1.6245 5.8556 -3.5916
1073 83.0864 1.8966 2.5229 1.6248 5.8616 -3.6199
1074 82.8904 1.5318 2.5005 1.6250 5.8677 -3.6496
1075 82.6901 1.1846 2.4787 1.6252 5.8739 -3.6807
1076 82.4855 0.8547 2.4575 1.6254 5.8803 -3.7133
1077 82.2766 0.5417 2.4369 1.6255 5.8868 -3.7472
1078 82.0636 0.2453 2.4169 1.6256 5.8934 -3.7826
1079 81.8465 -0.0349 2.3975 1.6256 5.9002 -3.8193
1080 81.6254 -0.2992 2.3786 1.6256 5.9071 -3.8573
1081 81.4003 -0.5481 2.3601 1.6256 5.9140 -3.8966
1082 81.1714 -0.7820 2.3422 1.6254 5.9211 -3.9369
1083 80.9386 -1.0010 2.3248 1.6252 5.9283 -3.9782
1084 80.7020 -1.2057 2.3078 1.6250 5.9356 -4.0203
1085 80.4617 -1.3963 2.2912 1.6246 5.9430 -4.0631
1086 80.2179 -1.5733 2.2750 1.6242 5.9505 -4.1063
1087 79.9704 -1.7370 2.2592 1.6237 5.9580 -4.1497
1088 79.7195 -1.8878 2.2438 1.6232 5.9657 -4.1931
1089 79.4651 -2.0261 2.2287 1.6225 5.9734 -4.2362
1090 79.2074 -2.1521 2.2139 1.6219 5.9812 -4.2789
1091 78.9463 -2.2663 2.1995 1.6212 5.9891 -4.3210
1092 78.6820 -2.3690 2.1853 1.6204 5.9971 -4.3622
1093 78.4146 -2.4606 2.1713 1.6196 6.0051 -4.4023
1094 78.1440 -2.5415 2.1576 1.6188 6.0132 -4.4412
1095 77.8704 -2.6120 2.1442 1.6181 6.0213 -4.4788
1096 77.5939 -2.6725 2.1309 1.6173 6.0295 -4.5150
1097 77.3144 -2.7234 2.1178 1.6165 6.0377 -4.5496
1098 77.0321 -2.7649 2.1048 1.6158 6.0460 -4.5825
1099 76.7470 -2.7976 2.0920 1.6151 6.0543 -4.6139
1100 76.4592 -2.8217 2.0793 1.6145 6.0627 -4.6435
1101 76.1688 -2.8376 2.0667 1.6139 6.0711 -4.6715
1102 75.8758 -2.8457 2.0541 1.6133 6.0795 -4.6978
1103 75.5803 -2.8463 2.0416 1.6128 6.0880 -4.7224
1104 75.2823 -2.8399 2.0292 1.6124 6.0965 -4.7454
1105 74.9820 -2.8267 2.0167 1.6121 6.1050 -4.7668
1106 74.6793 -2.8071 2.0042 1.6118 6.1135 -4.7867
1107 74.3744 -2.7816 1.9917 1.6116 6.1220 -4.8050
1108 74.0673 -2.7504 1.9791 1.6115 6.1305 -4.8219
1109 73.7582 -2.7139 1.9665 1.6114 6.1391 -4.8373
1110 73.4469 -2.6726 1.9537 1.6114 6.1476 -4.8514
1111 73.1337 -2.6267 1.9408 1.6115 6.1561 -4.8641
1112 72.8185 -2.5766 1.9278 1.6116 6.1646 -4.8755
1113 72.5016 -2.5228 1.9146 1.6119 6.1731 -4.8857
1114 72.1827 -2.4655 1.9013 1.6122 6.1816 -4.8946
1115 71.8623 -2.4051 1.8877 1.6126 6.1901 -4.9024
1116 71.5401 -2.3420 1.8739 1.6130 6.1985 -4.9090
1117 71.2164 -2.2766 1.8599 1.6135 6.2069 -4.9144
1118 70.8911 -2.2092 1.8456 1.6141 6.2153 -4.9188
1119 70.5644 -2.1402 1.8310 1.6148 6.2237 -4.9221
1120 70.2363 -2.0699 1.8161 1.6156 6.2320 -4.9243
1121 69.9069 -1.9988 1.8008 1.6164 6.2402 -4.9255
1122 69.5762 -1.9272 1.7853 1.6173 6.2484 -4.9257
1123 69.2444 -1.8554 1.7693 1.6183 6.2566 -4.9249
1124 68.9114 -1.7839 1.7529 1.6193 6.2647 -4.9230
1125 68.5774 -1.7129 1.7362 1.6204 6.2727 -4.9202
1126 68.2424 -1.6429 1.7190 1.6216 6.2807 -4.9164
1127 67.9064 -1.5742 1.7013 1.6229 0.0054 -4.9117
1128 67.5697 -1.5071 1.6832 1.6241 0.0133 -4.9067
1129 67.2324 -1.4416 1.6647 1.6252 0.0211 -4.9015
1130 66.8946 -1.3779 1.6458 1.6263 0.0287 -4.8959
1131 66.5565 -1.3162 1.6265 1.6273 0.0364 -4.8901
1132 66.2184 -1.2565 1.6069 1.6283 0.0439 -4.8839
1133 65.8804 -1.1991 1.5870 1.6292 0.0514 -4.8774
1134 65.5426 -1.1440 1.5669 1.6300 0.0588 -4.8706
1135 65.2053 -1.0914 1.5465 1.6308 0.0660 -4.8634
1136 64.8686 -1.0415 1.5259 1.6316 0.0733 -4.8559
1137 64.5327 -0.9943 1.5052 1.6323 0.0804 -4.8479
1138 64.1978 -0.9500 1.4843 1.6329 0.0874 -4.8396
1139 63.8640 -0.9088 1.4633 1.6335 0.0944 -4.8309
1140 63.5315 -0.8707 1.4422 1.6340 0.1012 -4.8217
1141 63.2005 -0.8360 1.4210 1.6345 0.1080 -4.8121
1142 62.8712 -0.8047 1.3998 1.6350 0.1147 -4.8020
1143 62.5437 -0.7770 1.3786 1.6353 0.1212 -4.7914
1144 62.2183 -0.7531 1.3575 1.6356 0.1277 -4.7802
1145 61.8950 -0.7330 1.3364 1.6359 0.1341 -4.7685
1146 61.5741 -0.7169 1.3154 1.6361 0.1403 -4.7563
1147 61.2558 -0.7050 1.2946 1.6362 0.1465 -4.7434
1148 60.9401 -0.6973 1.2739 1.6363 0.1526 -4.7298
1149 60.6274 -0.6941 1.2534 1.6363 0.1585 -4.7155
1150 60.3177 -0.6954 1.2331 1.6362 0.1643 -4.7005
1151 60.0113 -0.7014 1.2130 1.6361 0.1701 -4.6848
1152 59.7084 -0.7123 1.1932 1.6358 0.1757 -4.6682
1153 59.4090 -0.7281 1.1737 1.6355 0.1812 -4.6508
1154 59.1134 -0.7490 1.1546 1.6351 0.1865 -4.6324
1155 58.8218 -0.7752 1.1358 1.6346 0.1918 -4.6131
1156 58.5342 -0.8068 1.1174 1.6339 0.1969 -4.5927
1157 58.2510 -0.8439 1.0995 1.6332 0.2020 -4.5713
1158 57.9723 -0.8867 1.0820 1.6323 0.2068 -4.5488
1159 57.6982 -0.9352 1.0650 1.6313 0.2116 -4.5250
1160 57.4290 -0.9897 1.0485 1.6302 0.2162 -4.5000
1161 57.1648 -1.0503 1.0325 1.6289 0.2207 -4.4737
1162 56.9058 -1.1171 1.0172 1.6275 0.2251 -4.4460
1163 56.6521 -1.1903 1.0024 1.6258 0.2294 -4.4169
1164 56.4040 -1.2699 0.9883 1.6240 0.2335 -4.3863
1165 56.1616 -1.3562 0.9748 1.6220 0.2374 -4.3542
1166 55.9251 -1.4493 0.9620 1.6199 0.2413 -4.3205
1167 55.6947 -1.5492 0.9500 1.6174 0.2449 -4.2852
1168 55.4705 -1.6563 0.9387 1.6148 0.2485 -4.2484
1169 55.2528 -1.7705 0.9283 1.6120 0.2519 -4.2099
1170 55.0416 -1.8920 0.9186 1.6089 0.2551 -4.1699
1171 54.8372 -2.0210 0.9098 1.6056 0.2582 -4.1283
1172 54.6399 -2.1577 0.9018 1.6021 0.2612 -4.0853
1173 54.4496 -2.3020 0.8948 1.5983 0.2640 -4.0410
1174 54.2667 -2.4543 0.8887 1.5944 0.2666 -3.9954
1175 54.0912 -2.6146 0.8836 1.5903 0.2691 -3.9487
1176 53.9235 -2.7830 0.8795 1.5860 0.2714 -3.9011
1177 53.7635 -2.9598 0.8764 1.5815 0.2736 -3.8529
1178 53.6116 -3.1450 0.8743 1.5770 0.2756 -3.8041
1179 53.4679 -3.3388 0.8734 1.5724 0.2775 -3.7551
1180 53.3326 -3.5413 0.8736 7.8509 0.2792 -3.7062
1181 53.2059 -3.7527 0.8749 7.8462 0.2807 -3.6574
1182 53.0879 -3.9730 0.8775 7.8416 0.2820 -3.6092
1183 52.9788 -4.2026 0.8812 7.8370 0.2832 -3.5617
1184 52.8787 -4.4412 0.8862 7.8327 0.2842 -3.5167
1185 52.7873 -4.6887 0.8923 7.8286 0.2850 -3.4744
1186 52.7045 -4.9448 0.8997 7.8248 0.2857 -3.4348
1187 52.6301 -5.2092 0.9082 7.8213 0.2861 -3.3976
1188 52.5638 -5.4817 0.9178 7.8179 0.2864 -3.3628
1189 52.5057 -5.7619 0.9286 7.8148 0.2865 -3.3303
1190 52.4553 -6.0497 0.9405 7.8119 0.2864 -3.2998
1191 52.4126 -6.3447 0.9534 7.8092 0.2862 -3.2713
1192 52.3773 -6.6468 0.9674 7.8067 0.2857 -3.2447
1193 52.3493 -6.9555 0.9825 7.8043 0.2850 -3.2197
1194 52.3284 -7.2708 0.9986 7.8020 0.2841 -3.1963
1195 52.3144 -7.5922 1.0156 7.7999 0.2831 -3.1744
1196 52.3071 -7.9195 1.0337 7.7979 0.2818 -3.1538
1197 52.3063 -8.2525 1.0527 7.7960 0.2803 -9.4176
1198 52.3118 -8.5909 1.0726 7.7942 0.2786 -9.3994
1199 52.3235 -8.9344 1.0935 7.7925 0.2767 -9.3823
1200 52.3412 -9.2827 1.1152 7.7909 0.2746 -9.3662
1201 52.3646 -9.6357 1.1379 7.7893 0.2722 -9.3510
1202 52.3936 -9.9929 1.1613 7.7878 0.2697 -9.3367
1203 52.4280 -10.3542 1.1857 7.7864 0.2669 -9.3232
1204 52.4675 -10.7193 1.2108 7.7850 0.2639 -9.3105
1205 52.5122 -11.0880 1.2367 7.7836 0.2607 -9.2984
1206 52.5616 -11.4598 1.2634 7.7823 0.2572 -9.2870
1207 52.6157 -11.8347 1.2908 7.7810 0.2535 -9.2762
1208 52.6742 -12.2122 1.3190 7.7798 0.2496 -9.2659
1209 52.7370 -12.5922 1.3479 7.7785 0.2454 -9.2562
1210 52.8038 -12.9744 1.3774 7.7773 0.2410 -9.2470
1211 52.8746 -13.3585 1.4077 7.7761 0.2363 -9.2383
1212 52.9490 -13.7442 1.4386 7.7749 0.2314 -9.2300
1213 53.0270 -14.1313 1.4701 7.7738 0.2262 -9.2222
1214 53.1083 -14.5195 1.5022 7.7726 0.2208 -9.2147
1215 53.1927 -14.9085 1.5349 7.7714 0.2152 -9.2076
1216 53.2800 -15.2981 1.5681 7.7703 0.2092 -9.2009
1217 53.3701 -15.6879 1.6019 7.7691 0.2031 -9.1945
1218 53.4628 -16.0778 1.6363 7.7679 0.1966 -9.1884
1219 53.5578 -16.4674 1.6711 7.7668 0.1899 -9.1827
1220 53.6550 -16.8565 1.7064 7.7656 0.1829 -9.1772
1221 53.7543 -17.2449 1.7422 7.7644 0.1757 -9.1721
1222 53.8553 -17.6322 1.7784 7.7631 0.1681 -9.1672
1223 53.9579 -18.0181 1.8150 7.7619 0.1603 -9.1625
1224 54.0620 -18.4024 1.8521 7.7606 0.1523 -9.1582
1225 54.1673 -18.7848 1.8895 7.7593 0.1439 -9.1541
1226 54.2736 -19.1652 1.9272 7.7580 0.1352 -9.1502
1227 54.3808 -19.5431 1.9653 7.7566 0.1263 -9.1466
1228 54.4887 -19.9182 2.0037 7.7552 0.1171 -9.1432
1229 54.5970 -20.2905 2.0425 7.7537 0.1076 -9.1400
1230 54.7057 -20.6595 2.0814 7.7522 0.0978 -9.1370
1231 54.8144 -21.0251 2.1207 7.7507 0.0876 -9.1343
1232 54.9230 -21.3868 2.1601 7.7491 0.0772 -9.1318
1233 55.0314 -21.7445 2.1998 7.7474 0.0665 -9.1296
1234 55.1392 -22.0979 2.2397 7.7456 0.0555 -9.1275
1235 55.2464 -22.4467 2.2797 7.7438 0.0442 -9.1257
1236 55.3528 -22.7906 2.3199 7.7419 0.0325 -9.1242
1237 55.4580 -23.1295 2.3602 7.7399 0.0206 -9.1228
1238 55.5621 -23.4629 2.4006 7.7377 0.0083 -9.1218
1239 55.6647 -23.7906 2.4411 7.7355 6.2789 -9.1210
1240 55.7658 -24.1126 2.4816 7.7332 6.2660 -9.1203
1241 55.8652 -24.4287 2.5222 7.7310 6.2528 -9.1197
1242 55.9631 -24.7392 2.5628 7.7288 6.2393 -9.1192
1243 56.0593 -25.0440 2.6034 7.7267 6.2256 -9.1189
1244 56.1538 -25.3433 2.6439 7.7246 6.2116 -9.1187
1245 56.2467 -25.6371 2.6843 7.7225 6.1975 -9.1186
1246 56.3379 -25.9255 2.7246 7.7205 6.1831 -9.1187
1247 56.4273 -26.2085 2.7648 7.7185 6.1686 -9.1189
1248 56.5149 -26.4863 2.8048 7.7165 6.1539 -9.1192
1249 56.6009 -26.7589 2.8446 7.7147 6.1391 -9.1198
1250 56.6850 -27.0264 2.8842 7.7128 6.1242 -9.1205
1251 56.7672 -27.2887 2.9235 7.7111 6.1091 -9.1214
1252 56.8477 -27.5462 2.9625 7.7094 6.0941 -9.1225
1253 56.9262 -27.7987 3.0013 7.7078 6.0789 -9.1238
1254 57.0029 -28.0463 3.0396 7.7062 6.0638 -9.1254
1255 57.0777 -28.2892 3.0777 7.7048 6.0486 -9.1271
1256 57.1505 -28.5275 3.1153 7.7034 6.0334 -9.1291
1257 57.2213 -28.7610 3.1525 7.7022 6.0183 -9.1314
1258 57.2902 -28.9900 3.1892 7.7010 6.0032 -9.1340
1259 57.3571 -29.2146 3.2254 7.7000 5.9883 -9.1368
1260 57.4219 -29.4347 3.2611 7.6991 5.9734 -9.1400
1261 57.4847 -29.6504 3.2963 7.6983 5.9586 -9.1435
1262 57.5453 -29.8619 3.3309 7.6977 5.9439 -9.1473
1263 57.6039 -30.0692 3.3649 7.6972 5.9294 -9.1515
1264 57.6604 -30.2724 3.3983 7.6969 5.9151 -9.1561
1265 57.7147 -30.4715 3.4310 7.6967 5.9010 -9.1610
1266 57.7668 -30.6667 3.4630 7.6968 5.8871 -9.1665
1267 57.8168 -30.8579 3.4943 7.6970 5.8735 -9.1723
1268 57.8645 -31.0453 3.5249 7.6975 5.8601 -9.1786
1269 57.9100 -31.2289 3.5547 7.6982 5.8470 -9.1855
1270 57.9531 -31.4088 3.5837 7.6992 5.8342 -9.1928
1271 57.9941 -31.5851 3.6118 7.7004 5.8217 -9.2008
1272 58.0327 -31.7578 3.6391 7.7019 5.8096 -9.2093
1273 58.0689 -31.9271 3.6654 7.7037 5.7978 -9.2184
1274 58.1028 -32.0929 3.6909 7.7058 5.7864 -9.2281
1275 58.1343 -32.2554 3.7154 7.7083 5.7754 -9.2385
1276 58.1634 -32.4147 3.7389 7.7112 5.7649 -9.2497
1277 58.1901 -32.5707 3.7614 7.7144 5.7548 -9.2615
1278 58.2143 -32.7236 3.7829 7.7181 5.7451 -9.2742
1279 58.2360 -32.8735 3.8033 7.7222 5.7360 -9.2876
1280 58.2552 -33.0204 3.8226 7.7268 5.7273 -9.3019
1281 58.2719 -33.1644 3.8408 7.7319 5.7192 -9.3170
1282 58.2861 -33.3055 3.8578 7.7375 5.7117 -9.3330
1283 58.2976 -33.4439 3.8736 7.7437 5.7047 -9.3500
1284 58.3066 -33.5796 3.8882 7.7504 5.6983 -9.3679
1285 58.3129 -33.7127 3.9016 7.7578 5.6925 -9.3867
1286 58.3167 -33.8433 3.9136 7.7658 5.6874 -9.4065
1287 58.3177 -33.9714 3.9244 7.7744 5.6829 -3.1441
1288 58.3160 -34.0970 3.9339 7.7837 5.6791 -3.1659
1289 58.3116 -34.2204 3.9420 7.7937 5.6760 -3.1887
1290 58.3045 -34.3415 3.9486 7.8043 5.6736 -3.2125
1291 58.2946 -34.4604 3.9539 7.8156 5.6720 -3.2372
1292 58.2819 -34.5772 3.9577 7.8276 5.6711 -3.2628
1293 58.2663 -34.6920 3.9600 7.8403 5.6710 -3.2893
1294 58.2480 -34.8048 3.9609 7.8536 5.6717 -3.3166
1295 58.2268 -34.9157 3.9601 1.5841 5.6733 -3.3449
1296 58.2026 -35.0248 3.9579 1.5979 5.6756 -3.3751
1297 58.1753 -35.1321 3.9541 1.6116 5.6788 -3.4072
1298 58.1446 -35.2376 3.9489 1.6251 5.6827 -3.4412
1299 58.1105 -35.3414 3.9422 1.6384 5.6874 -3.4770
1300 58.0729 -35.4434 3.9341 1.6512 5.6927 -3.5144
1301 58.0313 -35.5437 3.9247 1.6636 5.6988 -3.5532
1302 57.9859 -35.6424 3.9139 1.6754 5.7055 -3.5933
1303 57.9363 -35.7395 3.9018 1.6866 5.7129 -3.6344
1304 57.8825 -35.8350 3.8885 1.6970 5.7208 -3.6761
1305 57.8241 -35.9290 3.8739 1.7065 5.7294 -3.7183
1306 57.7612 -36.0214 3.8582 1.7151 5.7385 -3.7607
1307 57.6934 -36.1123 3.8412 1.7228 5.7481 -3.8029
1308 57.6207 -36.2018 3.8232 1.7295 5.7583 -3.8447
1309 57.5429 -36.2898 3.8040 1.7353 5.7689 -3.8859
1310 57.4598 -36.3764 3.7838 1.7400 5.7799 -3.9261
1311 57.3713 -36.4617 3.7625 1.7438 5.7914 -3.9653
1312 57.2771 -36.5456 3.7403 1.7468 5.8033 -4.0032
1313 57.1771 -36.6283 3.7170 1.7489 5.8156 -4.0396
1314 57.0712 -36.7096 3.6929 1.7502 5.8282 -4.0746
1315 56.9592 -36.7898 3.6679 1.7508 5.8411 -4.1081
1316 56.8409 -36.8687 3.6420 1.7508 5.8543 -4.1399
1317 56.7161 -36.9464 3.6152 1.7502 5.8677 -4.1701
1318 56.5847 -37.0230 3.5877 1.7492 5.8814 -4.1987
1319 56.4465 -37.0985 3.5595 1.7476 5.8954 -4.2258
1320 56.3013 -37.1729 3.5305 1.7457 5.9095 -4.2513
1321 56.1490 -37.2463 3.5008 1.7435 5.9237 -4.2753
1322 55.9894 -37.3186 3.4705 1.7409 5.9381 -4.2979
1323 55.8224 -37.3899 3.4395 1.7382 5.9526 -4.3191
1324 55.6477 -37.4604 3.4080 1.7352 5.9671 -4.3390
1325 55.4653 -37.5298 3.3759 1.7321 5.9818 -4.3577
1326 55.2748 -37.5984 3.3433 1.7289 5.9964 -4.3753
1327 55.0762 -37.6662 3.3102 1.7256 6.0110 -4.3917
1328 54.8694 -37.7331 3.2766 1.7221 6.0256 -4.4071
1329 54.6540 -37.7992 3.2427 1.7187 6.0402 -4.4216
1330 54.4300 -37.8646 3.2083 1.7151 6.0546 -4.4351
1331 54.1972 -37.9292 3.1737 1.7116 6.0690 -4.4478
1332 53.9553 -37.9932 3.1387 1.7080 6.0832 -4.4597
1333 53.7044 -38.0565 3.1034 1.7045 6.0972 -4.4708
1334 53.4441 -38.1191 3.0679 1.7009 6.1110 -4.4813
1335 53.1744 -38.1812 3.0322 1.6973 6.1247 -4.4911
1336 52.8949 -38.2427 2.9963 1.6938 6.1380 -4.5003
1337 52.6056 -38.3036 2.9603 1.6903 6.1511 -4.5089
1338 52.3064 -38.3641 2.9241 1.6869 6.1639 -4.5170
1339 51.9969 -38.4241 2.8879 1.6834 6.1764 -4.5247
1340 51.6771 -38.4836 2.8517 1.6800 6.1885 -4.5318
1341 51.3468 -38.5428 2.8155 1.6767 6.2002 -4.5385
1342 51.0058 -38.6016 2.7793 1.6734 6.2116 -4.5448
1343 50.6539 -38.6600 2.7431 1.6701 6.2225 -4.5507
1344 50.2911 -38.7181 2.7071 1.6669 6.2329 -4.5563
1345 49.9170 -38.7760 2.6712 1.6637 6.2428 -4.5615
1346 49.5315 -38.8336 2.6355 1.6606 6.2522 -4.5664
1347 49.1345 -38.8910 2.6000 1.6575 6.2611 -4.5711
1348 48.7258 -38.9482 2.5648 1.6545 6.2694 -4.5754
1349 48.3052 -39.0053 2.5298 1.6515 6.2770 -4.5795
1350 47.8726 -39.0623 2.4951 1.6486 0.0009 -4.5834
1351 47.4278 -39.1192 2.4608 1.6458 0.0073 -4.5870
1352 46.9714 -39.1758 2.4268 1.6433 0.0131 -4.5906
1353 46.5038 -39.2322 2.3932 1.6410 0.0183 -4.5941
1354 46.0255 -39.2882 2.3599 1.6388 0.0228 -4.5975
1355 45.5370 -39.3438 2.3269 1.6368 0.0268 -4.6009
1356 45.0388 -39.3987 2.2942 1.6349 0.0303 -4.6042
1357 44.5312 -39.4529 2.2619 1.6332 0.0332 -4.6075
1358 44.0149 -39.5064 2.2299 1.6316 0.0356 -4.6108
1359 43.4902 -39.5591 2.1983 1.6301 0.0374 -4.6141
1360 42.9578 -39.6107 2.1669 1.6287 0.0388 -4.6173
1361 42.4180 -39.6613 2.1359 1.6273 0.0398 -4.6206
1362 41.8713 -39.7107 2.1051 1.6261 0.0402 -4.6239
1363 41.3182 -39.7589 2.0747 1.6250 0.0403 -4.6272
1364 40.7592 -39.8057 2.0446 1.6239 0.0399 -4.6305
1365 40.1948 -39.8511 2.0148 1.6229 0.0392 -4.6339
1366 39.6255 -39.8949 1.9852 1.6220 0.0381 -4.6373
1367 39.0517 -39.9370 1.9560 1.6211 0.0366 -4.6408
1368 38.4740 -39.9774 1.9271 1.6203 0.0348 -4.6443
1369 37.8927 -40.0160 1.8985 1.6195 0.0327 -4.6479
1370 37.3085 -40.0526 1.8701 1.6188 0.0303 -4.6516
1371 36.7218 -40.0872 1.8421 1.6182 0.0276 -4.6554
1372 36.1330 -40.1196 1.8143 1.6176 0.0247 -4.6593
1373 35.5426 -40.1498 1.7868 1.6170 0.0215 -4.6633
1374 34.9512 -40.1777 1.7596 1.6165 0.0181 -4.6674
1375 34.3593 -40.2031 1.7326 1.6160 0.0144 -4.6716
1376 33.7673 -40.2260 1.7059 1.6156 0.0106 -4.6759
1377 33.1757 -40.2463 1.6795 1.6152 0.0067 -4.6804
1378 32.5850 -40.2638 1.6534 1.6148 0.0026 -4.6850
1379 31.9956 -40.2785 1.6275 1.6145 6.2815 -4.6899
1380 31.4082 -40.2903 1.6019 1.6142 6.2772 -4.6948
1381 30.8231 -40.2991 1.5765 1.6140 6.2727 -4.7000
1382 30.2408 -40.3047 1.5514 1.6138 6.2682 -4.7054
1383 29.6620 -40.3071 1.5265 1.6137 6.2637 -4.7111
1384 29.0869 -40.3062 1.5019 1.6135 6.2591 -4.7169
1385 28.5162 -40.3019 1.4775 1.6134 6.2545 -4.7231
1386 27.9503 -40.2940 1.4534 1.6134 6.2499 -4.7295
1387 27.3897 -40.2825 1.4295 1.6134 6.2453 -4.7363
1388 26.8349 -40.2673 1.4058 1.6134 6.2408 -4.7434
1389 26.2863 -40.2483 1.3824 1.6135 6.2363 -4.7508
1390 25.7446 -40.2254 1.3592 1.6136 6.2320 -4.7587
1391 25.2101 -40.1984 1.3362 1.6138 6.2277 -4.7670
1392 24.6834 -40.1673 1.3134 1.6140 6.2235 -4.7758
1393 24.1651 -40.1320 1.2909 1.6143 6.2195 -4.7851
1394 23.6555 -40.0924 1.2686 1.6146 6.2156 -4.7950
1395 23.1551 -40.0483 1.2465 1.6150 6.2119 -4.8055
1396 22.6645 -39.9997 1.2246 1.6154 6.2084 -4.8168
1397 22.1842 -39.9466 1.2029 1.6159 6.2052 -4.8288
1398 21.7146 -39.8886 1.1814 1.6165 6.2021 -4.8416
1399 21.2562 -39.8259 1.1601 1.6171 6.1993 -4.8554
1400 20.8096 -39.7582 1.1390 1.6178 6.1968 -4.8703
1401 20.3752 -39.6856 1.1181 1.6186 6.1946 -4.8864
1402 19.9536 -39.6077 1.0974 1.6195 6.1927 -4.9037
1403 19.5452 -39.5247 1.0769 1.6205 6.1911 -4.9226
1404 19.1505 -39.4363 1.0566 1.6216 6.1899 -4.9431
1405 18.7701 -39.3425 1.0364 1.6228 6.1890 -4.9656
1406 18.4043 -39.2433 1.0165 1.6240 6.1886 -4.9893
1407 18.0527 -39.1387 0.9967 1.6251 6.1885 -5.0139
1408 17.7149 -39.0290 0.9772 1.6262 6.1887 -5.0392
1409 17.3906 -38.9144 0.9580 1.6272 6.1893 -5.0653
1410 17.0793 -38.7950 0.9390 1.6281 6.1903 -5.0921
1411 16.7806 -38.6710 0.9203 1.6288 6.1915 -5.1197
1412 16.4941 -38.5427 0.9020 1.6294 6.1931 -5.1478
1413 16.2195 -38.4101 0.8840 1.6299 6.1950 -5.1765
1414 15.9563 -38.2736 0.8664 1.6302 6.1972 -5.2056
1415 15.7040 -38.1332 0.8492 1.6303 6.1996 -5.2351
1416 15.4625 -37.9892 0.8325 1.6303 6.2023 -5.2649
1417 15.2310 -37.8417 0.8162 1.6300 6.2053 -5.2948
1418 15.0094 -37.6910 0.8004 1.6295 6.2085 -5.3247
1419 14.7972 -37.5372 0.7850 1.6288 6.2119 -5.3545
1420 14.5940 -37.3805 0.7703 1.6278 6.2156 -5.3840
1421 14.3994 -37.2211 0.7560 1.6267 6.2194 -5.4131
1422 14.2129 -37.0592 0.7424 1.6253 6.2235 -5.4416
1423 14.0342 -36.8950 0.7293 1.6236 6.2277 -5.4695
1424 13.8629 -36.7286 0.7169 1.6217 6.2321 -5.4965
1425 13.6984 -36.5603 0.7052 1.6196 6.2366 -5.5225
1426 13.5406 -36.3902 0.6941 1.6173 6.2413 -5.5474
1427 13.3888 -36.2186 0.6838 1.6147 6.2461 -5.5710
1428 13.2428 -36.0455 0.6741 1.6119 6.2510 -5.5933
1429 13.1021 -35.8713 0.6653 1.6089 6.2560 -5.6141
1430 12.9663 -35.6961 0.6572 1.6056 6.2612 -5.6334
1431 12.8349 -35.5200 0.6499 1.6022 6.2664 -5.6510
1432 12.7077 -35.3433 0.6434 1.5986 6.2716 -5.6668
1433 12.5841 -35.1662 0.6378 1.5947 6.2770 -5.6809
1434 12.4638 -34.9888 0.6331 1.5907 6.2823 -5.6931
1435 12.3463 -34.8114 0.6293 1.5865 0.0046 -5.7033
1436 12.2313 -34.6341 0.6265 1.5821 0.0100 -5.7115
1437 12.1182 -34.4571 0.6246 1.5776 0.0154 -5.7177
1438 12.0068 -34.2807 0.6236 1.5728 0.0208 -5.7218
1439 11.8966 -34.1050 0.6237 7.8510 0.0262 -5.7238
1440 11.7871 -33.9301 0.6249 7.8459 0.0316 -5.7236
1441 11.6780 -33.7564 0.6271 7.8406 0.0369 -5.7211
1442 11.5689 -33.5839 0.6303 7.8352 0.0422 -5.7165
1443 11.4593 -33.4129 0.6347 7.8295 0.0474 -5.7095
1444 11.3488 -33.2435 0.6403 7.8237 0.0525 -5.7002
1445 11.2370 -33.0760 0.6470 7.8178 0.0575 -5.6886
1446 11.1235 -32.9106 0.6548 7.8116 0.0624 -5.6746
1447 11.0078 -32.7474 0.6639 7.8054 0.0672 -5.6583
1448 10.8896 -32.5866 0.6743 7.7990 0.0719 -5.6397
1449 10.7684 -32.4285 0.6859 7.7925 0.0764 -5.6187
1450 10.6438 -32.2731 0.6988 7.7860 0.0808 -5.5954
1451 10.5155 -32.1208 0.7130 7.7794 0.0850 -5.5700
1452 10.3829 -31.9717 0.7286 7.7729 0.0890 -5.5424
1453 10.2456 -31.8260 0.7455 7.7663 0.0928 -5.5127
1454 10.1033 -31.6838 0.7638 7.7599 0.0964 -5.4812
1455 9.9555 -31.5455 0.7836 7.7536 0.0998 -5.4480
1456 9.8018 -31.4111 0.8048 7.7475 0.1030 -5.4132
1457 9.6417 -31.2809 0.8275 7.7416 0.1059 -5.3772
1458 9.4749 -31.1551 0.8517 7.7360 0.1085 -5.3400
1459 9.3009 -31.0339 0.8774 7.7308 0.1109 -5.3021
1460 9.1194 -30.9174 0.9046 7.7260 0.1130 -5.2640
1461 8.9302 -30.8056 0.9334 7.7217 0.1148 -5.2280
1462 8.7335 -30.6986 0.9636 7.7180 0.1164 -5.1941
1463 8.5297 -30.5962 0.9952 7.7148 0.1176 -5.1624
1464 8.3189 -30.4982 1.0281 7.7120 0.1187 -5.1325
1465 8.1012 -30.4047 1.0623 7.7097 0.1194 -5.1046
1466 7.8771 -30.3155 1.0976 7.7078 0.1199 -5.0783
1467 7.6466 -30.2304 1.1340 7.7062 0.1202 -5.0537
1468 7.4100 -30.1495 1.1713 7.7049 0.1202 -5.0306
1469 7.1675 -30.0726 1.2097 7.7039 0.1200 -5.0089
1470 6.9194 -29.9995 1.2489 7.7032 0.1196 -4.9885
1471 6.6658 -29.9303 1.2889 7.7028 0.1190 -4.9694
1472 6.4070 -29.8648 1.3296 7.7025 0.1181 -4.9514
1473 6.1432 -29.8029 1.3710 7.7025 0.1171 -4.9345
1474 5.8748 -29.7446 1.4129 7.7026 0.1159 -4.9186
1475 5.6017 -29.6896 1.4553 7.7030 0.1145 -4.9036
1476 5.3244 -29.6380 1.4982 7.7035 0.1129 -4.8895
1477 5.0429 -29.5896 1.5414 7.7042 0.1112 -4.8762
1478 4.7577 -29.5443 1.5849 7.7050 0.1093 -4.8637
1479 4.4687 -29.5020 1.6285 7.7060 0.1072 -4.8519
1480 4.1764 -29.4626 1.6724 7.7071 0.1050 -4.8407
1481 3.8808 -29.4261 1.7162 7.7083 0.1027 -4.8302
1482 3.5824 -29.3922 1.7601 7.7097 0.1002 -4.8203
1483 3.2812 -29.3610 1.8038 7.7113 0.0977 -4.8110
1484 2.9775 -29.3323 1.8474 7.7129 0.0950 -4.8022
1485 2.6715 -29.3061 1.8908 7.7147 0.0922 -4.7939
1486 2.3635 -29.2821 1.9338 7.7166 0.0893 -4.7861
1487 2.0536 -29.2604 1.9764 7.7186 0.0863 -4.7787
1488 1.7422 -29.2408 2.0186 7.7208 0.0832 -4.7718
1489 1.4294 -29.2232 2.0602 7.7230 0.0801 -4.7653
1490 1.1154 -29.2076 2.1012 7.7255 0.0768 -4.7592
1491 0.8006 -29.1937 2.1415 7.7280 0.0736 -4.7535
1492 0.4851 -29.1816 2.1811 7.7307 0.0702 -4.7481
1493 0.1691 -29.1711 2.2198 7.7336 0.0668 -4.7431
1494 -0.1471 -29.1621 2.2576 7.7366 0.0634 -4.7385
1495 -0.4633 -29.1546 2.2944 7.7397 0.0600 -4.7342
1496 -0.7792 -29.1483 2.3301 7.7431 0.0565 -4.7302
1497 -1.0947 -29.1433 2.3647 7.7465 0.0530 -4.7266
1498 -1.4095 -29.1393 2.3981 7.7502 0.0495 -4.7232
1499 -1.7233 -29.1364 2.4302 7.7541 0.0460 -4.7202
1500 -2.0360 -29.1344 2.4609 7.7581 0.0425 -4.7175
1501 -2.3473 -29.1332 2.4901 7.7624 0.0390 -4.7150
1502 -2.6569 -29.1327 2.5179 7.7669 0.0356 -4.7129
1503 -2.9647 -29.1329 2.5440 7.7717 0.0321 -4.7111
1504 -3.2705 -29.1335 2.5685 7.7766 0.0288 -4.7096
1505 -3.5739 -29.1345 2.5912 7.7819 0.0254 -4.7085
1506 -3.8748 -29.1358 2.6121 7.7875 0.0221 -4.7076
1507 -4.1728 -29.1373 2.6311 7.7933 0.0189 -4.7071
1508 -4.4679 -29.1389 2.6481 7.7995 0.0157 -4.7069
1509 -4.7597 -29.1405 2.6630 7.8061 0.0127 -4.7070
1510 -5.0480 -29.1420 2.6759 7.8131 0.0097 -4.7075
1511 -5.3326 -29.1433 2.6865 7.8205 0.0068 -4.7084
1512 -5.6133 -29.1443 2.6948 7.8283 0.0040 -4.7096
1513 -5.8897 -29.1448 2.7008 7.8366 0.0013 -4.7113
1514 -6.1618 -29.1448 2.7043 7.8455 6.2819 -4.7134
1515 -6.4293 -29.1443 2.7054 1.5711 6.2794 -4.7154
1516 -6.6924 -29.1432 2.7042 1.5799 6.2770 -4.7174
1517 -6.9512 -29.1417 2.7007 1.5886 6.2748 -4.7193
1518 -7.2057 -29.1397 2.6950 1.5972 6.2727 -4.7211
1519 -7.4560 -29.1373 2.6874 1.6058 6.2707 -4.7228
1520 -7.7021 -29.1346 2.6777 1.6142 6.2688 -4.7245
1521 -7.9443 -29.1314 2.6662 1.6226 6.2670 -4.7260
1522 -8.1824 -29.1280 2.6528 1.6308 6.2653 -4.7275
1523 -8.4166 -29.1243 2.6378 1.6388 6.2638 -4.7288
1524 -8.6469 -29.1204 2.6212 1.6467 6.2623 -4.7300
1525 -8.8734 -29.1163 2.6031 1.6544 6.2610 -4.7311
1526 -9.0963 -29.1120 2.5836 1.6619 6.2597 -4.7321
1527 -9.3155 -29.1076 2.5628 1.6691 6.2586 -4.7329
1528 -9.5312 -29.1031 2.5407 1.6762 6.2575 -4.7336
1529 -9.7434 -29.0985 2.5175 1.6830 6.2566 -4.7341
1530 -9.9522 -29.0940 2.4933 1.6895 6.2557 -4.7345
1531 -10.1576 -29.0894 2.4682 1.6958 6.2550 -4.7346
1532 -10.3598 -29.0849 2.4421 1.7017 6.2544 -4.7346
1533 -10.5588 -29.0805 2.4154 1.7073 6.2538 -4.7345
1534 -10.7547 -29.0762 2.3879 1.7125 6.2533 -4.7341
1535 -10.9476 -29.0721 2.3599 1.7174 6.2530 -4.7335
1536 -11.1375 -29.0682 2.3315 1.7218 6.2527 -4.7326
1537 -11.3244 -29.0645 2.3026 1.7259 6.2525 -4.7316
1538 -11.5086 -29.0610 2.2735 1.7294 6.2525 -4.7303
1539 -11.6900 -29.0579 2.2441 1.7326 6.2525 -4.7288
1540 -11.8687 -29.0551 2.2147 1.7352 6.2525 -4.7270
1541 -12.0448 -29.0528 2.1853 1.7373 6.2527 -4.7249
1542 -12.2184 -29.0508 2.1560 1.7389 6.2530 -4.7226
1543 -12.3896 -29.0493 2.1268 1.7399 6.2533 -4.7199
1544 -12.5584 -29.0482 2.0980 1.7403 6.2537 -4.7170
1545 -12.7248 -29.0477 2.0695 1.7400 6.2542 -4.7138
1546 -12.8891 -29.0478 2.0415 1.7391 6.2548 -4.7102
1547 -13.0512 -29.0484 2.0141 1.7376 6.2555 -4.7064
1548 -13.2112 -29.0497 1.9873 1.7353 6.2562 -4.7022
1549 -13.3692 -29.0517 1.9613 1.7323 6.2570 -4.6976
1550 -13.5253 -29.0544 1.9362 1.7285 6.2579 -4.6928
1551 -13.6795 -29.0578 1.9120 1.7240 6.2589 -4.6875
1552 -13.8319 -29.0620 1.8889 1.7186 6.2599 -4.6820
1553 -13.9827 -29.0670 1.8669 1.7124 6.2610 -4.6760
1554 -14.1318 -29.0729 1.8461 1.7053 6.2622 -4.6697
1555 -14.2793 -29.0797 1.8267 1.6974 6.2635 -4.6631
1556 -14.4254 -29.0874 1.8087 1.6886 6.2648 -4.6561
1557 -14.5701 -29.0961 1.7923 1.6788 6.2662 -4.6487
1558 -14.7134 -29.1058 1.7775 1.6681 6.2676 -4.6410
1559 -14.8555 -29.1165 1.7644 1.6565 6.2691 -4.6329
1560 -14.9964 -29.1284 1.7531 1.6439 6.2707 -4.6245
1561 -15.1362 -29.1413 1.7438 1.6304 6.2723 -4.6157
1562 -15.2750 -29.1554 1.7365 1.6160 6.2740 -4.6066
1563 -15.4128 -29.1707 1.7313 1.6006 6.2757 -4.5972
1564 -15.5497 -29.1872 1.7283 1.5843 6.2775 -4.5875
1565 -15.6859 -29.2050 1.7276 7.8503 6.2794 -4.5775
1566 -15.8213 -29.2241 1.7293 7.8323 6.2813 -4.5672
1567 -15.9561 -29.2445 1.7335 7.8135 0.0001 -4.5566
1568 -16.0903 -29.2663 1.7403 7.7947 0.0021 -4.5461
1569 -16.2241 -29.2895 1.7496 7.7764 0.0041 -4.5358
1570 -16.3577 -29.3140 1.7614 7.7589 0.0062 -4.5257
1571 -16.4910 -29.3399 1.7755 7.7421 0.0084 -4.5160
1572 -16.6245 -29.3671 1.7919 7.7260 0.0105 -4.5067
1573 -16.7580 -29.3956 1.8106 7.7109 0.0127 -4.4977
1574 -16.8919 -29.4254 1.8313 7.6966 0.0148 -4.4891
1575 -17.0262 -29.4565 1.8542 7.6833 0.0170 -4.4809
1576 -17.1611 -29.4888 1.8790 7.6709 0.0192 -4.4732
1577 -17.2968 -29.5224 1.9057 7.6594 0.0213 -4.4659
1578 -17.4333 -29.5573 1.9342 7.6489 0.0235 -4.4591
1579 -17.5709 -29.5933 1.9645 7.6394 0.0256 -4.4528
1580 -17.7096 -29.6306 1.9965 7.6308 0.0277 -4.4469
1581 -17.8497 -29.6691 2.0301 7.6231 0.0297 -4.4416
1582 -17.9912 -29.7088 2.0651 7.6164 0.0317 -4.4367
1583 -18.1343 -29.7496 2.1017 7.6105 0.0336 -4.4323
1584 -18.2792 -29.7917 2.1396 7.6055 0.0355 -4.4283
1585 -18.4261 -29.8348 2.1787 7.6014 0.0373 -4.4249
1586 -18.5749 -29.8791 2.2191 7.5981 0.0390 -4.4219
1587 -18.7260 -29.9245 2.2606 7.5955 0.0406 -4.4193
1588 -18.8795 -29.9710 2.3032 7.5937 0.0422 -4.4172
1589 -19.0354 -30.0185 2.3467 7.5926 0.0436 -4.4154
1590 -19.1940 -30.0672 2.3911 7.5922 0.0450 -4.4141
1591 -19.3554 -30.1169 2.4363 7.5925 0.0462 -4.4132
1592 -19.5198 -30.1677 2.4823 7.5933 0.0473 -4.4126
1593 -19.6872 -30.2194 2.5289 7.5948 0.0483 -4.4124
1594 -19.8579 -30.2722 2.5761 7.5967 0.0491 -4.4124
1595 -20.0319 -30.3260 2.6238 7.5992 0.0498 -4.4129
1596 -20.2095 -30.3808 2.6719 7.6022 0.0503 -4.4136
1597 -20.3909 -30.4366 2.7204 7.6056 0.0507 -4.4145
1598 -20.5760 -30.4933 2.7691 7.6095 0.0510 -4.4158
1599 -20.7651 -30.5510 2.8180 7.6137 0.0510 -4.4172
1600 -20.9584 -30.6096 2.8670 7.6183 0.0509 -4.4189
1601 -21.1560 -30.6691 2.9160 7.6232 0.0506 -4.4208
1602 -21.3580 -30.7295 2.9649 7.6285 0.0501 -4.4229
1603 -21.5646 -30.7908 3.0138 7.6340 0.0493 -4.4251
1604 -21.7760 -30.8529 3.0624 7.6398 0.0484 -4.4275
1605 -21.9923 -30.9160 3.1107 7.6458 0.0473 -4.4301
1606 -22.2136 -30.9799 3.1586 7.6520 0.0459 -4.4328
1607 -22.4401 -31.0446 3.2060 7.6584 0.0443 -4.4356
1608 -22.6719 -31.1101 3.2530 7.6649 0.0425 -4.4385
1609 -22.9093 -31.1764 3.2993 7.6716 0.0404 -4.4414
1610 -23.1523 -31.2435 3.3449 7.6784 0.0381 -4.4445
1611 -23.4011 -31.3114 3.3897 7.6854 0.0355 -4.4477
1612 -23.6559 -31.3800 3.4337 7.6924 0.0327 -4.4509
1613 -23.9168 -31.4494 3.4767 7.6995 0.0295 -4.4541
1614 -24.1840 -31.5195 3.5187 7.7067 0.0261 -4.4574
1615 -24.4576 -31.5903 3.5596 7.7139 0.0224 -4.4608
1616 -24.7378 -31.6618 3.5993 7.7211 0.0184 -4.4642
1617 -25.0247 -31.7340 3.6377 7.7284 0.0141 -4.4676
1618 -25.3185 -31.8069 3.6748 7.7357 0.0094 -4.4710
1619 -25.6192 -31.8804 3.7104 7.7430 0.0045 -4.4744
1620 -25.9272 -31.9545 3.7446 7.7503 6.2824 -4.4778
1621 -26.2425 -32.0293 3.7771 7.7573 6.2768 -4.4813
1622 -26.5651 -32.1046 3.8081 7.7639 6.2709 -4.4848
1623 -26.8948 -32.1803 3.8376 7.7701 6.2646 -4.4884
1624 -27.2316 -32.2564 3.8656 7.7760 6.2581 -4.4920
1625 -27.5755 -32.3328 3.8921 7.7816 6.2513 -4.4957
1626 -27.9263 -32.4094 3.9172 7.7869 6.2443 -4.4994
1627 -28.2841 -32.4860 3.9409 7.7919 6.2370 -4.5032
1628 -28.6487 -32.5627 3.9632 7.7966 6.2295 -4.5070
1629 -29.0201 -32.6394 3.9841 7.8011 6.2218 -4.5108
1630 -29.3982 -32.7158 4.0037 7.8054 6.2139 -4.5148
1631 -29.7830 -32.7921 4.0219 7.8094 6.2059 -4.5187
1632 -30.1743 -32.8680 4.0389 7.8133 6.1976 -4.5228
1633 -30.5721 -32.9435 4.0547 7.8169 6.1893 -4.5268
1634 -30.9764 -33.0186 4.0692 7.8204 6.1808 -4.5310
1635 -31.3871 -33.0930 4.0825 7.8237 6.1721 -4.5351
1636 -31.8041 -33.1668 4.0947 7.8268 6.1634 -4.5394
1637 -32.2273 -33.2398 4.1057 7.8298 6.1547 -4.5436
1638 -32.6566 -33.3120 4.1156 7.8326 6.1458 -4.5480
1639 -33.0921 -33.3833 4.1244 7.8353 6.1369 -4.5523
1640 -33.5336 -33.4536 4.1322 7.8379 6.1280 -4.5568
1641 -33.9812 -33.5228 4.1389 7.8403 6.1190 -4.5613
1642 -34.4346 -33.5907 4.1447 7.8426 6.1101 -4.5658
1643 -34.8938 -33.6575 4.1494 7.8448 6.1012 -4.5704
1644 -35.3589 -33.7228 4.1532 7.8469 6.0923 -4.5751
1645 -35.8296 -33.7868 4.1561 7.8489 6.0835 -4.5798
1646 -36.3059 -33.8491 4.1581 7.8507 6.0747 -4.5845
1647 -36.7878 -33.9099 4.1593 7.8525 6.0660 -4.5894
1648 -37.2752 -33.9690 4.1596 1.5710 6.0574 -4.5942
1649 -37.7680 -34.0262 4.1591 1.5726 6.0489 -4.5992
1650 -38.2662 -34.0816 4.1579 1.5741 6.0406 -4.6042
1651 -38.7696 -34.1350 4.1558 1.5755 6.0324 -4.6092
1652 -39.2783 -34.1864 4.1531 1.5768 6.0244 -4.6143
1653 -39.7921 -34.2356 4.1497 1.5780 6.0165 -4.6195
1654 -40.3110 -34.2826 4.1456 1.5792 6.0089 -4.6247
1655 -40.8349 -34.3273 4.1409 1.5803 6.0014 -4.6300
1656 -41.3638 -34.3695 4.1356 1.5813 5.9942 -4.6353
1657 -41.8976 -34.4093 4.1297 1.5823 5.9873 -4.6408
1658 -42.4361 -34.4464 4.1232 1.5832 5.9806 -4.6462
1659 -42.9793 -34.4809 4.1162 1.5840 5.9742 -4.6518
1660 -43.5272 -34.5126 4.1088 1.5848 5.9680 -4.6574
1661 -44.0797 -34.5415 4.1008 1.5855 5.9622 -4.6630
1662 -44.6368 -34.5674 4.0925 1.5861 5.9568 -4.6688
1663 -45.1982 -34.5903 4.0837 1.5867 5.9516 -4.6746
1664 -45.7641 -34.6101 4.0746 1.5872 5.9468 -4.6804
1665 -46.3343 -34.6266 4.0651 1.5877 5.9425 -4.6863
1666 -46.9088 -34.6399 4.0553 1.5881 5.9385 -4.6923
1667 -47.4874 -34.6497 4.0451 1.5884 5.9349 -4.6984
1668 -48.0700 -34.6561 4.0348 1.5887 5.9317 -4.7045
1669 -48.6568 -34.6589 4.0242 1.5890 5.9290 -4.7107
1670 -49.2474 -34.6580 4.0134 1.5892 5.9268 -4.7170
1671 -49.8420 -34.6534 4.0024 1.5893 5.9250 -4.7233
1672 -50.4404 -34.6449 3.9913 1.5894 5.9238 -4.7298
1673 -51.0425 -34.6325 3.9801 1.5895 5.9230 -4.7362
1674 -51.6481 -34.6162 3.9687 1.5895 5.9228 -4.7425
1675 -52.2568 -34.5960 3.9573 1.5896 5.9230 -4.7487
1676 -52.8683 -34.5719 3.9457 1.5897 5.9237 -4.7548
1677 -53.4822 -34.5440 3.9341 1.5897 5.9249 -4.7608
1678 -54.0983 -34.5123 3.9224 1.5898 5.9265 -4.7668
1679 -54.7163 -34.4768 3.9107 1.5898 5.9285 -4.7727
1680 -55.3358 -34.4376 3.8988 1.5899 5.9310 -4.7786
1681 -55.9564 -34.3946 3.8870 1.5899 5.9339 -4.7844
1682 -56.5779 -34.3480 3.8750 1.5900 5.9371 -4.7902
1683 -57.1998 -34.2977 3.8631 1.5900 5.9407 -4.7960
1684 -57.8220 -34.2437 3.8511 1.5900 5.9447 -4.8017
1685 -58.4441 -34.1862 3.8390 1.5901 5.9490 -4.8075
1686 -59.0656 -34.1251 3.8270 1.5901 5.9536 -4.8133
1687 -59.6864 -34.0604 3.8149 1.5901 5.9586 -4.8191
1688 -60.3060 -33.9922 3.8029 1.5902 5.9639 -4.8249
1689 -60.9242 -33.9206 3.7908 1.5902 5.9694 -4.8307
1690 -61.5406 -33.8455 3.7788 1.5902 5.9752 -4.8366
1691 -62.1548 -33.7669 3.7667 1.5902 5.9812 -4.8425
1692 -62.7666 -33.6850 3.7547 1.5902 5.9875 -4.8485
1693 -63.3756 -33.5997 3.7428 1.5903 5.9940 -4.8546
1694 -63.9814 -33.5110 3.7308 1.5903 6.0007 -4.8608
1695 -64.5839 -33.4190 3.7190 1.5903 6.0076 -4.8670
1696 -65.1825 -33.3238 3.7071 1.5903 6.0147 -4.8734
1697 -65.7770 -33.2253 3.6954 1.5903 6.0220 -4.8798
1698 -66.3670 -33.1236 3.6837 1.5903 6.0294 -4.8864
1699 -66.9523 -33.0187 3.6721 1.5903 6.0369 -4.8931
1700 -67.5323 -32.9106 3.6606 1.5903 6.0445 -4.9000
1701 -68.1069 -32.7994 3.6491 1.5903 6.0523 -4.9071
1702 -68.6758 -32.6851 3.6378 1.5903 6.0601 -4.9143
1703 -69.2384 -32.5678 3.6266 1.5903 6.0680 -4.9218
1704 -69.7946 -32.4474 3.6155 1.5903 6.0760 -4.9295
1705 -70.3439 -32.3239 3.6045 1.5903 6.0839 -4.9374
1706 -70.8861 -32.1975 3.5937 1.5903 6.0920 -4.9456
1707 -71.4208 -32.0682 3.5829 1.5903 6.1000 -4.9540
1708 -71.9476 -31.9359 3.5724 1.5902 6.1080 -4.9628
1709 -72.4663 -31.8007 3.5620 1.5902 6.1160 -4.9719
1710 -72.9763 -31.6627 3.5517 1.5902 6.1240 -4.9814
1711 -73.4776 -31.5219 3.5417 1.5901 6.1319 -4.9914
1712 -73.9696 -31.3782 3.5317 1.5901 6.1397 -5.0017
1713 -74.4521 -31.2318 3.5220 1.5900 6.1475 -5.0125
1714 -74.9246 -31.0826 3.5125 1.5900 6.1552 -5.0239
1715 -75.3870 -30.9307 3.5032 1.5899 6.1627 -5.0359
1716 -75.8387 -30.7761 3.4941 1.5898 6.1702 -5.0484
1717 -76.2794 -30.6189 3.4852 1.5898 6.1774 -5.0617
1718 -76.7089 -30.4591 3.4765 1.5897 6.1845 -5.0758
1719 -77.1268 -30.2967 3.4681 1.5896 6.1915 -5.0906
1720 -77.5327 -30.1317 3.4598 1.5895 6.1982 -5.1065
1721 -77.9262 -29.9642 3.4519 1.5893 6.2048 -5.1233
1722 -78.3071 -29.7942 3.4442 1.5892 6.2111 -5.1413
1723 -78.6750 -29.6217 3.4367 1.5890 6.2172 -5.1606
1724 -79.0295 -29.4469 3.4296 1.5888 6.2230 -5.1812
1725 -79.3705 -29.2696 3.4227 1.5886 6.2286 -5.2028
1726 -79.6982 -29.0899 3.4160 1.5884 6.2339 -5.2252
1727 -80.0128 -28.9080 3.4097 1.5882 6.2389 -5.2484
1728 -80.3147 -28.7238 3.4036 1.5879 6.2437 -5.2725
1729 -80.6041 -28.5373 3.3977 1.5877 6.2483 -5.2973
1730 -80.8812 -28.3487 3.3921 1.5874 6.2526 -5.3230
1731 -81.1462 -28.1580 3.3867 1.5871 6.2567 -5.3495
1732 -81.3996 -27.9651 3.3816 1.5867 6.2605 -5.3767
1733 -81.6415 -27.7702 3.3767 1.5864 6.2642 -5.4047
1734 -81.8722 -27.5733 3.3720 1.5860 6.2676 -5.4334
1735 -82.0919 -27.3745 3.3676 1.5856 6.2708 -5.4628
1736 -82.3009 -27.1737 3.3634 1.5852 6.2738 -5.4927
1737 -82.4994 -26.9712 3.3594 1.5847 6.2766 -5.5232
1738 -82.6878 -26.7667 3.3555 1.5843 6.2792 -5.5541
1739 -82.8663 -26.5605 3.3519 1.5838 6.2815 -5.5855
1740 -83.0351 -26.3526 3.3485 1.5833 0.0006 -5.6171
1741 -83.1945 -26.1430 3.3453 1.5828 0.0026 -5.6488
1742 -83.3449 -25.9318 3.3422 1.5823 0.0044 -5.6807
1743 -83.4863 -25.7189 3.3394 1.5817 0.0061 -5.7125
1744 -83.6192 -25.5045 3.3367 1.5812 0.0076 -5.7442
1745 -83.7437 -25.2887 3.3342 1.5806 0.0090 -5.7757
1746 -83.8602 -25.0713 3.3318 1.5801 0.0101 -5.8068
1747 -83.9689 -24.8526 3.3296 1.5795 0.0112 -5.8374
1748 -84.0700 -24.6325 3.3276 1.5790 0.0121 -5.8674
1749 -84.1639 -24.4111 3.3257 1.5784 0.0128 -5.8968
1750 -84.2508 -24.1884 3.3239 1.5779 0.0134 -5.9255
1751 -84.3309 -23.9645 3.3223 1.5774 0.0139 -5.9533
1752 -84.4046 -23.7393 3.3208 1.5768 0.0142 -5.9802
1753 -84.4721 -23.5131 3.3194 1.5763 0.0145 -6.0061
1754 -84.5337 -23.2858 3.3182 1.5758 0.0146 -6.0310
1755 -84.5896 -23.0575 3.3171 1.5754 0.0146 -6.0549
1756 -84.6401 -22.8281 3.3160 1.5749 0.0145 -6.0776
1757 -84.6855 -22.5978 3.3151 1.5745 0.0143 -6.0992
1758 -84.7261 -22.3667 3.3143 1.5741 0.0140 -6.1196
1759 -84.7621 -22.1346 3.3136 1.5737 0.0136 -6.1388
1760 -84.7938 -21.9018 3.3129 1.5733 0.0131 -6.1568
1761 -84.8214 -21.6681 3.3124 1.5730 0.0126 -6.1736
1762 -84.8453 -21.4338 3.3119 1.5727 0.0120 -6.1892
1763 -84.8657 -21.1988 3.3115 1.5724 0.0113 -6.2036
1764 -84.8829 -20.9632 3.3111 1.5721 0.0105 -6.2168
1765 -84.8972 -20.7270 3.3108 1.5719 0.0097 -6.2288
1766 -84.9088 -20.4903 3.3106 1.5717 0.0088 -6.2395
1767 -84.9180 -20.2531 3.3104 1.5715 0.0079 -6.2491
1768 -84.9251 -20.0155 3.3103 1.5713 0.0070 -6.2574
1769 -84.9303 -19.7775 3.3102 1.5712 0.0060 -6.2646
1770 -84.9340 -19.5392 3.3101 1.5711 0.0050 -6.2706
1771 -84.9363 -19.3113 3.3100 1.5710 0.0040 -6.2753
1772 -84.9375 -19.1301 3.3100 1.5709 0.0032 -6.2782
1773 -84.9381 -18.9862 3.3100 1.5709 0.0025 -6.2800
1774 -84.9384 -18.8718 3.3100 1.5708 0.0020 -6.2812
1775 -84.9385 -18.7810 3.3100 1.5708 0.0016 -6.2819
1776 -84.9386 -18.7088 3.3100 1.5708 0.0013 -6.2824
1777 -84.9386 -18.6515 3.3100 1.5708 0.0010 -6.2827
1778 -84.9386 -18.6059 3.3100 1.5708 0.0008 -6.2829
1779 -84.9386 -18.5697 3.3100 1.5708 0.0006 -6.2830
1780 -84.9386 -18.5410 3.3100 1.5708 0.0005 -6.2831
1781 -84.9387 -18.5182 3.3100 1.5708 0.0004 -6.2831
1782 -84.9387 -18.5000 3.3100 1.5708 0.0003 -6.2831
1783 -84.9387 -18.4856 3.3100 1.5708 0.0003 -6.2832
1784 -84.9387 -18.4742 3.3100 1.5708 0.0002 -6.2832
1785 -84.9387 -18.4651 3.3100 1.5708 0.0002 -6.2832
1786 -84.9387 -18.4579 3.3100 1.5708 0.0001 -6.2832
1787 -84.9387 -18.4522 3.3100 1.5708 0.0001 -6.2832
1788 -84.9387 -18.4476 3.3100 1.5708 0.0001 -6.2832
1789 -84.9387 -18.4440 3.3100 1.5708 0.0001 -6.2832
1790 -84.9387 -18.4411 3.3100 1.5708 0.0001 -6.2832
1791 -84.9387 -18.4388 3.3100 1.5708 0.0000 -6.2832
1792 -84.9387 -18.4370 3.3100 1.5708 0.0000 -6.2832
1793 -84.9387 -18.4356 3.3100 1.5708 0.0000 -6.2832
1794 -84.9387 -18.4344 3.3100 1.5708 0.0000 -6.2832
1795 -84.9387 -18.4335 3.3100 1.5708 0.0000 -6.2832
1796 -84.9387 -18.4328 3.3100 1.5708 0.0000 -6.2832
1797 -84.9387 -18.4322 3.3100 1.5708 0.0000 -6.2832
1798 -84.9387 -18.4318 3.3100 1.5708 0.0000 -6.2832
1799 -84.9387 -18.4314 3.3100 1.5708 0.0000 -6.2832
1800 -84.9387 -18.4311 3.3100 1.5708 0.0000 -6.2832
1801 -84.9387 -18.4300 3.3100 1.5708 -0.0000 -6.2832
1802 -84.9387 -18.4300 3.3100 1.5708 -0.0000 -6.2832
1803 -84.9387 -18.4300 3.3100 1.5708 0.0000 -6.2832
1804 -84.9387 -18.4300 3.3100 1.5708 -0.0000 -6.2832
1805 -84.9387 -18.4300 3.3100 1.5708 0.0000 -6.2832
1806 -84.9387 -18.4300 3.3100 1.5708 0.0000 -6.2832
1807 -84.9387 -18.4300 3.3100 1.5708 0.0000 -6.2832
1808 -84.9387 -18.4300 3.3100 1.5708 0.0000 -6.2832
1809 -84.9387 -18.4300 3.3100 1.5708 0.0000 -6.2832
1810 -84.9387 -18.4300 3.3100 1.5708 0.0000 -6.2832
