1 0.0000 0.0000 0.0000 0.0000 0.0000 0.0000
2 0.0000 0.0402 0.0000 0.0000 -0.0000 0.0000
3 0.0000 0.0921 0.0000 0.0000 -0.0001 0.0000
4 0.0000 0.1334 0.0000 0.0000 6.2831 0.0000
5 0.0000 0.1661 -0.0000 0.0000 -0.0001 0.0000
6 0.0000 0.1921 -0.0000 0.0000 -0.0001 0.0000
7 0.0000 0.2126 0.0000 0.0000 -0.0001 0.0000
8 0.0000 0.2288 0.0000 0.0000 -0.0001 0.0000
9 0.0000 0.2415 -0.0000 0.0000 -0.0001 0.0000
10 0.0000 0.2515 -0.0000 0.0000 -0.0001 0.0000
11 0.0000 0.2592 0.0000 0.0000 -0.0001 0.0000
12 0.0000 0.2652 0.0000 0.0000 -0.0001 0.0000
13 0.0000 0.2696 0.0000 0.0000 -0.0001 0.0000
14 0.0000 0.2730 0.0000 0.0000 -0.0001 0.0000
15 0.0000 0.2753 0.0000 0.0000 -0.0001 0.0000
16 0.0000 0.2770 0.0000 0.0000 -0.0001 -0.0000
17 0.0000 0.2779 -0.0000 0.0000 -0.0001 0.0000
18 0.0000 0.2784 0.0000 0.0000 -0.0001 0.0000
19 0.0000 0.2784 0.0000 0.0000 -0.0001 0.0000
20 0.0000 0.2781 -0.0000 0.0000 -0.0001 0.0000
21 0.0000 0.2774 0.0000 0.0000 -0.0001 0.0000
22 0.0000 0.2765 -0.0000 0.0000 -0.0001 0.0000
23 0.0000 0.2754 0.0000 0.0000 -0.0001 0.0000
24 0.0000 0.2740 0.0000 0.0000 -0.0001 -0.0000
25 0.0000 0.2725 0.0000 0.0000 -0.0001 0.0000
26 0.0000 0.2708 -0.0000 0.0000 -0.0001 0.0000
27 0.0000 0.2690 0.0000 0.0000 -0.0001 0.0000
28 0.0000 0.2670 0.0000 0.0000 -0.0001 0.0000
29 0.0000 0.2650 0.0000 0.0000 -0.0000 -0.0000
30 0.0000 0.2628 0.0000 0.0000 -0.0000 0.0000
31 0.0000 0.2605 0.0000 0.0000 -0.0000 0.0000
32 0.0000 0.2581 -0.0000 0.0000 -0.0000 0.0000
33 0.0000 0.2556 0.0000 0.0000 0.0000 -0.0000
34 0.0000 0.2529 0.0000 0.0000 0.0000 0.0000
35 0.0000 0.2502 0.0000 0.0000 0.0000 0.0000
36 0.0000 0.2474 0.0000 0.0000 0.0000 -0.0000
37 0.0000 0.2445 0.0000 0.0000 0.0001 0.0000
38 0.0000 0.2415 0.0000 0.0000 0.0001 0.0000
39 0.0000 0.2384 0.0000 0.0000 0.0001 -0.0000
40 0.0000 0.2353 0.0000 0.0000 0.0001 0.0000
41 0.0000 0.2320 0.0000 0.0000 0.0001 -0.0000
42 0.0000 0.2286 0.0000 0.0000 0.0001 0.0000
43 0.0000 0.2252 0.0000 0.0000 0.0001 -0.0000
44 0.0000 0.2216 0.0000 0.0000 0.0002 0.0000
45 0.0000 0.2180 0.0000 0.0000 0.0002 -0.0000
46 0.0000 0.2143 0.0000 -0.0000 0.0002 0.0000
47 0.0000 0.2105 0.0000 0.0000 0.0002 -0.0000
48 0.0000 0.2066 0.0000 0.0000 0.0002 0.0000
49 0.0000 0.2026 0.0000 0.0000 0.0003 -0.0000
50 0.0000 0.1986 0.0000 0.0000 0.0003 -0.0000
51 0.0000 0.1944 0.0000 0.0000 0.0003 -0.0000
52 0.0000 0.1902 0.0000 0.0000 0.0003 -0.0000
53 0.0000 0.1859 0.0000 -0.0000 -6.2829 -0.0000
54 0.0000 0.1815 0.0000 -0.0000 0.0004 -0.0004
55 0.0001 0.1773 0.0000 -0.0001 0.0004 -0.0009
56 0.0004 0.1731 0.0000 6.2831 0.0004 -0.0015
57 0.0007 0.1691 0.0000 -0.0001 0.0004 -0.0022
58 0.0011 0.1652 0.0001 -0.0002 0.0004 -0.0028
59 0.0015 0.1615 0.0001 -0.0002 0.0004 -0.0035
60 0.0021 0.1578 0.0001 -0.0003 0.0004 -0.0043
61 0.0028 0.1542 0.0002 -0.0003 0.0004 -0.0051
62 0.0036 0.1508 0.0002 -0.0004 0.0004 -0.0059
63 0.0044 0.1475 0.0003 -0.0004 0.0004 -0.0068
64 0.0054 0.1443 0.0003 -0.0005 0.0004 -0.0077
65 0.0064 0.1412 0.0004 -0.0005 0.0004 -0.0086
66 0.0075 0.1382 0.0005 -0.0006 0.0004 -0.0096
67 0.0088 0.1353 0.0005 -0.0006 0.0004 -0.0107
68 0.0101 0.1326 0.0006 -0.0007 0.0004 -0.0117
69 0.0115 0.1299 0.0007 -0.0008 0.0004 -0.0128
70 0.0130 0.1274 0.0008 -0.0008 0.0004 -0.0139
71 0.0146 0.1250 0.0009 -0.0009 0.0004 -0.0150
72 0.0162 0.1227 0.0010 -0.0010 0.0003 -0.0161
73 0.0180 0.1205 0.0011 -0.0010 0.0003 -0.0173
74 0.0198 0.1184 0.0012 -0.0011 0.0003 -0.0184
75 0.0218 0.1164 0.0013 -0.0011 0.0003 -0.0195
76 0.0238 0.1145 0.0014 -0.0012 0.0002 -0.0205
77 0.0259 0.1128 0.0015 -0.0013 0.0002 -0.0215
78 0.0281 0.1112 0.0017 -0.0013 0.0002 -0.0224
79 0.0304 0.1096 0.0018 -0.0013 0.0002 -0.0233
80 0.0328 0.1082 0.0020 -0.0014 0.0001 -0.0241
81 0.0353 0.1069 0.0021 -0.0014 0.0001 -0.0247
82 0.0379 0.1057 0.0023 -0.0014 0.0000 -0.0253
83 0.0405 0.1046 0.0024 -0.0014 -0.0000 -0.0257
84 0.0433 0.1036 0.0026 -0.0014 -0.0000 -0.0260
85 0.0461 0.1028 0.0028 -0.0014 -0.0001 -0.0262
86 0.0490 0.1020 0.0029 -0.0014 -0.0001 -0.0263
87 0.0520 0.1014 0.0031 -0.0014 -0.0002 -0.0262
88 0.0551 0.1008 0.0033 -0.0014 -0.0002 -0.0260
89 0.0582 0.1004 0.0035 -0.0013 -0.0003 -0.0256
90 0.0615 0.1001 0.0037 -0.0013 -0.0004 -0.0252
91 0.0649 0.0998 0.0039 -0.0012 -0.0004 -0.0247
92 0.0683 0.0997 0.0041 -0.0012 -0.0005 -0.0240
93 0.0718 0.0997 0.0043 -0.0011 -0.0005 -0.0233
94 0.0755 0.0998 0.0045 -0.0011 -0.0006 -0.0225
95 0.0791 0.1000 0.0047 -0.0010 -0.0007 -0.0217
96 0.0829 0.1004 0.0050 -0.0010 -0.0007 -0.0208
97 0.0868 0.1008 0.0052 -0.0009 -0.0008 -0.0199
98 0.0908 0.1013 0.0054 -0.0008 -0.0009 -0.0190
99 0.0948 0.1020 0.0057 -0.0008 -0.0010 -0.0181
100 0.0989 0.1027 0.0059 -0.0007 -0.0010 -0.0172
101 0.1031 0.1036 0.0062 -0.0007 -0.0011 -0.0163
102 0.1074 0.1045 0.0064 -0.0007 6.2820 -0.0157
103 0.1117 0.1053 0.0067 -0.0008 -0.0013 -0.0154
104 0.1158 0.1059 0.0070 -0.0008 -0.0013 -0.0153
105 0.1200 0.1064 0.0073 -0.0009 -0.0014 -0.0151
106 0.1241 0.1067 0.0076 -0.0009 -0.0015 -0.0150
107 0.1281 0.1069 0.0079 -0.0010 -0.0015 -0.0150
108 0.1320 0.1069 0.0082 -0.0010 -0.0015 -0.0150
109 0.1359 0.1067 0.0085 -0.0011 -0.0016 -0.0150
110 0.1398 0.1064 0.0088 -0.0011 -0.0016 -0.0150
111 0.1436 0.1059 0.0092 -0.0012 -0.0016 -0.0151
112 0.1473 0.1053 0.0095 -0.0012 -0.0016 -0.0152
113 0.1511 0.1045 0.0099 -0.0013 -0.0016 -0.0153
114 0.1547 0.1035 0.0102 -0.0013 -0.0016 -0.0154
115 0.1583 0.1024 0.0106 -0.0013 -0.0015 -0.0156
116 0.1618 0.1011 0.0110 -0.0014 -0.0015 -0.0157
117 0.1653 0.0997 0.0114 -0.0014 -0.0015 -0.0159
118 0.1687 0.0981 0.0118 -0.0015 -0.0014 -0.0161
119 0.1720 0.0964 0.0122 -0.0015 -0.0014 -0.0163
120 0.1754 0.0945 0.0127 -0.0015 -0.0013 -0.0166
121 0.1786 0.0924 0.0131 -0.0016 -0.0012 -0.0168
122 0.1818 0.0902 0.0136 -0.0016 -0.0012 -0.0171
123 0.1850 0.0878 0.0140 -0.0016 -0.0011 -0.0173
124 0.1880 0.0853 0.0145 -0.0017 -0.0010 -0.0176
125 0.1911 0.0826 0.0149 -0.0017 -0.0009 -0.0179
126 0.1941 0.0798 0.0154 -0.0017 -0.0008 -0.0182
127 0.1970 0.0768 0.0159 -0.0018 -0.0007 -0.0185
128 0.1999 0.0737 0.0164 -0.0018 -0.0005 -0.0188
129 0.2027 0.0704 0.0169 -0.0018 -0.0004 -0.0191
130 0.2055 0.0669 0.0174 -0.0018 -0.0003 -0.0195
131 0.2082 0.0633 0.0180 -0.0019 -0.0001 -0.0198
132 0.2109 0.0596 0.0185 -0.0019 0.0000 -0.0201
133 0.2135 0.0557 0.0190 -0.0019 0.0002 -0.0204
134 0.2161 0.0516 0.0196 -0.0019 0.0004 -0.0208
135 0.2185 0.0474 0.0202 -0.0019 0.0005 -0.0211
136 0.2210 0.0430 0.0207 -0.0019 0.0007 -0.0214
137 0.2234 0.0385 0.0213 -0.0019 0.0009 -0.0218
138 0.2258 0.0338 0.0219 -0.0019 0.0011 -0.0221
139 0.2281 0.0290 0.0225 -0.0019 0.0013 -0.0224
140 0.2303 0.0240 0.0231 -0.0019 0.0015 -0.0227
141 0.2325 0.0189 0.0237 -0.0019 0.0018 -0.0230
142 0.2346 0.0136 0.0244 -0.0019 0.0020 -0.0232
143 0.2367 0.0082 0.0250 -0.0018 0.0022 -0.0235
144 0.2388 0.0026 0.0256 -0.0018 0.0025 -0.0237
145 0.2408 -0.0031 0.0263 -0.0018 0.0027 -0.0240
146 0.2427 -0.0090 0.0270 -0.0017 0.0030 -0.0242
147 0.2446 -0.0150 0.0276 -0.0017 0.0033 -0.0244
148 0.2464 -0.0212 0.0283 -0.0017 0.0035 -0.0245
149 0.2482 -0.0275 0.0290 -0.0016 0.0038 -0.0247
150 0.2499 -0.0340 0.0297 -0.0016 0.0041 -0.0248
151 0.2516 -0.0405 0.0304 -0.0014 -6.2788 -0.0240
152 0.2532 -0.0468 0.0310 -0.0012 0.0047 -0.0222
153 0.2546 -0.0527 0.0317 -0.0011 0.0050 -0.0205
154 0.2560 -0.0582 0.0322 -0.0009 0.0052 -0.0189
155 0.2573 -0.0635 0.0327 -0.0007 0.0055 -0.0173
156 0.2585 -0.0683 0.0332 -0.0006 0.0057 -0.0158
157 0.2596 -0.0728 0.0336 -0.0005 0.0059 -0.0144
158 0.2606 -0.0769 0.0340 -0.0004 0.0061 -0.0130
159 0.2614 -0.0807 0.0344 -0.0003 0.0063 -0.0117
160 0.2622 -0.0842 0.0347 -0.0002 0.0064 -0.0104
161 0.2629 -0.0872 0.0349 -0.0001 0.0066 -0.0092
162 0.2635 -0.0900 0.0351 -0.0000 0.0067 -0.0081
163 0.2640 -0.0923 0.0352 0.0001 0.0068 -0.0069
164 0.2644 -0.0944 0.0353 0.0001 0.0069 -0.0058
165 0.2646 -0.0961 0.0354 0.0002 0.0070 -0.0047
166 0.2648 -0.0974 0.0354 0.0003 0.0071 -0.0037
167 0.2649 -0.0984 0.0354 0.0003 0.0071 -0.0026
168 0.2650 -0.0990 0.0353 0.0004 0.0072 -0.0016
169 0.2648 -0.0993 0.0352 0.0005 0.0072 -0.0006
170 0.2646 -0.0992 0.0350 0.0005 0.0072 0.0005
171 0.2644 -0.0988 0.0348 0.0006 0.0072 0.0015
172 0.2640 -0.0981 0.0345 0.0007 0.0072 0.0025
173 0.2635 -0.0970 0.0342 0.0008 0.0071 0.0036
174 0.2629 -0.0955 0.0339 0.0008 0.0071 0.0046
175 0.2622 -0.0937 0.0335 0.0009 0.0070 0.0057
176 0.2615 -0.0916 0.0330 0.0010 0.0070 0.0069
177 0.2606 -0.0892 0.0326 0.0011 0.0069 0.0080
178 0.2596 -0.0863 0.0320 0.0012 0.0068 0.0092
179 0.2586 -0.0832 0.0314 0.0013 0.0066 0.0104
180 0.2574 -0.0797 0.0308 0.0014 0.0065 0.0117
181 0.2562 -0.0759 0.0302 0.0015 0.0063 0.0130
182 0.2548 -0.0717 0.0295 0.0017 0.0062 0.0144
183 0.2534 -0.0672 0.0287 0.0018 0.0060 0.0158
184 0.2519 -0.0623 0.0279 0.0020 0.0058 0.0173
185 0.2502 -0.0571 0.0271 0.0022 0.0056 0.0189
186 0.2485 -0.0516 0.0262 0.0024 0.0054 0.0205
187 0.2467 -0.0458 0.0253 0.0026 0.0051 0.0223
188 0.2448 -0.0396 0.0243 0.0028 0.0049 0.0241
189 0.2427 -0.0330 0.0233 0.0031 0.0046 0.0260
190 0.2407 -0.0262 0.0222 0.0034 0.0043 0.0279
191 0.2385 -0.0190 0.0211 0.0036 0.0040 0.0300
192 0.2362 -0.0114 0.0199 0.0040 0.0037 0.0321
193 0.2338 -0.0036 0.0187 0.0043 0.0034 0.0342
194 0.2313 0.0047 0.0175 0.0046 0.0031 0.0364
195 0.2288 0.0132 0.0162 0.0050 0.0027 0.0386
196 0.2261 0.0220 0.0149 0.0054 0.0023 0.0407
197 0.2234 0.0312 0.0135 0.0057 0.0019 0.0428
198 0.2205 0.0408 0.0121 0.0061 0.0016 0.0448
199 0.2176 0.0506 0.0107 0.0065 0.0011 0.0467
200 0.2145 0.0608 0.0092 0.0068 0.0007 0.0483
201 0.2115 0.0711 0.0077 0.0067 0.0003 0.0478
202 0.2084 0.0812 0.0062 0.0064 -0.0001 0.0464
203 0.2054 0.0910 0.0048 0.0062 -0.0005 0.0448
204 0.2024 0.1006 0.0035 0.0058 -0.0009 0.0431
205 0.1995 0.1099 0.0022 0.0055 -0.0013 0.0413
206 0.1966 0.1189 0.0010 0.0051 -0.0017 0.0395
207 0.1937 0.1276 -0.0001 -6.2784 -0.0021 0.0377
208 0.1909 0.1361 -0.0012 0.0044 -0.0024 0.0358
209 0.1882 0.1443 -0.0022 0.0041 -0.0027 0.0340
210 0.1854 0.1522 -0.0032 0.0037 -0.0031 0.0323
211 0.1827 0.1598 -0.0041 0.0034 -0.0034 0.0306
212 0.1801 0.1672 -0.0049 0.0030 -0.0037 0.0289
213 0.1774 0.1743 -0.0057 0.0027 -0.0040 0.0273
214 0.1748 0.1811 -0.0064 0.0024 -0.0043 0.0258
215 0.1723 0.1877 -0.0070 0.0021 -0.0045 0.0244
216 0.1698 0.1940 -0.0076 0.0018 -0.0048 0.0230
217 0.1673 0.2000 -0.0082 0.0016 -0.0050 0.0217
218 0.1649 0.2058 -0.0086 0.0013 -0.0053 0.0205
219 0.1625 0.2113 -0.0090 0.0011 -0.0055 0.0193
220 0.1601 0.2166 -0.0094 0.0008 -0.0057 0.0182
221 0.1578 0.2215 -0.0097 0.0006 -0.0059 0.0172
222 0.1555 0.2262 -0.0099 0.0004 -0.0061 0.0162
223 0.1533 0.2307 -0.0101 0.0002 -0.0062 0.0153
224 0.1511 0.2349 -0.0102 -0.0000 -0.0064 0.0144
225 0.1489 0.2388 -0.0102 -0.0002 -0.0066 0.0136
226 0.1468 0.2424 -0.0102 -0.0004 -0.0067 0.0128
227 0.1447 0.2458 -0.0101 -0.0006 -0.0068 0.0121
228 0.1427 0.2489 -0.0100 -0.0008 -0.0069 0.0113
229 0.1406 0.2518 -0.0098 -0.0009 -0.0070 0.0107
230 0.1386 0.2544 -0.0096 -0.0011 -0.0071 0.0100
231 0.1367 0.2567 -0.0092 -0.0013 -0.0072 0.0094
232 0.1348 0.2588 -0.0089 -0.0015 -0.0073 0.0088
233 0.1329 0.2606 -0.0084 -0.0016 -0.0073 0.0083
234 0.1311 0.2622 -0.0080 -0.0018 -0.0074 0.0077
235 0.1293 0.2635 -0.0074 -0.0020 -0.0074 0.0072
236 0.1275 0.2645 -0.0068 -0.0022 -0.0075 0.0067
237 0.1258 0.2653 -0.0061 -0.0024 -0.0075 0.0062
238 0.1241 0.2658 -0.0054 -0.0025 -0.0075 0.0057
239 0.1225 0.2661 -0.0046 -0.0027 -0.0075 0.0052
240 0.1209 0.2661 -0.0038 -0.0029 -0.0074 0.0048
241 0.1193 0.2658 -0.0029 -0.0032 -0.0074 0.0043
242 0.1177 0.2653 -0.0019 -0.0034 -0.0074 0.0039
243 0.1163 0.2646 -0.0009 -0.0036 -0.0073 0.0035
244 0.1148 0.2636 0.0002 6.2793 -0.0073 0.0030
245 0.1133 0.2623 0.0013 -0.0041 -0.0072 0.0026
246 0.1120 0.2607 0.0025 -0.0044 -0.0071 0.0022
247 0.1106 0.2590 0.0037 -0.0046 -0.0070 0.0017
248 0.1093 0.2569 0.0050 -0.0049 -0.0069 0.0013
249 0.1080 0.2546 0.0064 -0.0053 -0.0068 0.0008
250 0.1068 0.2521 0.0078 -0.0056 -0.0066 0.0003
251 0.1055 0.2493 0.0093 -0.0058 6.2767 0.0000
252 0.1043 0.2465 0.0107 -0.0056 -0.0063 0.0002
253 0.1031 0.2438 0.0121 -0.0055 -0.0062 0.0003
254 0.1019 0.2412 0.0133 -0.0053 -0.0061 0.0004
255 0.1007 0.2386 0.0145 -0.0051 -0.0060 0.0006
256 0.0994 0.2361 0.0157 -0.0049 -0.0058 0.0007
257 0.0982 0.2337 0.0167 -0.0046 -0.0057 0.0009
258 0.0970 0.2314 0.0177 -0.0044 -0.0056 0.0010
259 0.0957 0.2291 0.0186 -0.0042 -0.0055 0.0012
260 0.0945 0.2269 0.0194 -0.0039 -0.0054 0.0014
261 0.0932 0.2248 0.0201 -0.0037 -0.0053 0.0015
262 0.0919 0.2228 0.0208 -0.0034 -0.0052 0.0017
263 0.0907 0.2208 0.0214 -0.0031 -0.0051 0.0019
264 0.0894 0.2189 0.0219 -0.0028 -0.0050 0.0020
265 0.0881 0.2171 0.0223 -0.0025 -0.0049 0.0022
266 0.0868 0.2154 0.0227 -0.0022 -0.0048 0.0024
267 0.0855 0.2137 0.0230 -0.0019 -0.0048 0.0026
268 0.0842 0.2122 0.0232 -0.0016 -0.0047 0.0028
269 0.0829 0.2106 0.0233 -0.0013 -0.0046 0.0030
270 0.0816 0.2092 0.0234 -0.0009 -0.0046 0.0032
271 0.0803 0.2078 0.0233 -0.0006 -0.0045 0.0034
272 0.0790 0.2065 0.0233 -0.0002 -0.0044 0.0035
273 0.0777 0.2053 0.0231 0.0002 -0.0044 0.0037
274 0.0763 0.2042 0.0229 0.0005 -0.0043 0.0039
275 0.0750 0.2031 0.0225 0.0009 -0.0043 0.0041
276 0.0737 0.2021 0.0222 0.0013 -0.0043 0.0043
277 0.0723 0.2012 0.0217 0.0017 -0.0042 0.0045
278 0.0710 0.2003 0.0212 0.0021 -0.0042 0.0047
279 0.0696 0.1995 0.0205 0.0025 -0.0042 0.0049
280 0.0683 0.1988 0.0199 0.0029 -0.0042 0.0051
281 0.0669 0.1982 0.0191 0.0033 -0.0041 0.0053
282 0.0655 0.1976 0.0183 0.0037 -0.0041 0.0055
283 0.0642 0.1971 0.0174 0.0042 -0.0041 0.0056
284 0.0628 0.1967 0.0164 0.0046 -0.0041 0.0058
285 0.0614 0.1963 0.0153 0.0050 -0.0041 0.0060
286 0.0600 0.1961 0.0142 0.0054 -0.0041 0.0062
287 0.0586 0.1959 0.0130 0.0058 -0.0041 0.0063
288 0.0572 0.1957 0.0117 0.0062 -0.0041 0.0065
289 0.0558 0.1957 0.0104 0.0067 -0.0042 0.0066
290 0.0544 0.1957 0.0090 0.0071 -0.0042 0.0068
291 0.0530 0.1958 0.0075 0.0075 -0.0042 0.0069
292 0.0515 0.1959 0.0059 0.0079 -0.0042 0.0070
293 0.0501 0.1961 0.0043 0.0082 -0.0043 0.0072
294 0.0487 0.1964 0.0026 0.0086 -0.0043 0.0073
295 0.0472 0.1968 0.0008 -6.2742 -0.0044 0.0074
296 0.0458 0.1972 -0.0010 0.0093 -0.0044 0.0075
297 0.0443 0.1978 -0.0029 0.0096 -0.0044 0.0076
298 0.0429 0.1983 -0.0049 0.0100 -0.0045 0.0077
299 0.0414 0.1990 -0.0070 0.0103 -0.0046 0.0077
300 0.0400 0.1997 -0.0091 0.0105 -0.0046 0.0078
301 0.0385 0.2005 -0.0114 0.0108 -0.0047 0.0078
302 0.0370 0.2013 -0.0136 0.0109 -0.0048 0.0077
303 0.0357 0.2021 -0.0159 0.0105 -0.0048 0.0068
304 0.0345 0.2028 -0.0180 0.0101 -0.0049 0.0058
305 0.0334 0.2033 -0.0201 0.0097 -0.0049 0.0049
306 0.0326 0.2036 -0.0221 0.0093 -0.0050 0.0040
307 0.0318 0.2039 -0.0241 0.0090 -0.0050 0.0031
308 0.0313 0.2039 -0.0259 0.0086 -0.0050 0.0022
309 0.0309 0.2039 -0.0277 0.0083 -0.0050 0.0013
310 0.0307 0.2037 -0.0293 0.0080 -0.0050 0.0004
311 0.0307 0.2033 -0.0309 0.0077 -0.0050 -0.0005
312 0.0308 0.2028 -0.0325 0.0074 -0.0050 -0.0014
313 0.0311 0.2022 -0.0339 0.0072 -0.0049 -0.0023
314 0.0315 0.2014 -0.0353 0.0069 -0.0049 -0.0032
315 0.0321 0.2005 -0.0365 0.0066 -0.0048 -0.0041
316 0.0329 0.1994 -0.0377 0.0064 -0.0048 -0.0050
317 0.0338 0.1982 -0.0388 0.0062 -0.0047 -0.0060
318 0.0349 0.1969 -0.0399 0.0059 -0.0046 -0.0070
319 0.0361 0.1954 -0.0408 0.0057 -0.0045 -0.0080
320 0.0375 0.1938 -0.0417 0.0055 -0.0044 -0.0090
321 0.0391 0.1921 -0.0425 0.0052 -0.0043 -0.0101
322 0.0409 0.1902 -0.0432 0.0050 -0.0042 -0.0112
323 0.0428 0.1881 -0.0439 0.0048 -0.0040 -0.0124
324 0.0448 0.1859 -0.0444 0.0045 -0.0039 -0.0136
325 0.0470 0.1836 -0.0449 0.0042 -0.0037 -0.0149
326 0.0494 0.1812 -0.0453 0.0040 -0.0036 -0.0162
327 0.0519 0.1786 -0.0456 0.0037 -0.0034 -0.0175
328 0.0546 0.1759 -0.0459 0.0034 -0.0032 -0.0189
329 0.0575 0.1730 -0.0460 0.0031 -0.0030 -0.0204
330 0.0605 0.1700 -0.0461 0.0027 -0.0028 -0.0219
331 0.0637 0.1669 -0.0461 0.0023 -0.0026 -0.0234
332 0.0670 0.1636 -0.0460 0.0019 -0.0024 -0.0250
333 0.0705 0.1602 -0.0459 0.0014 -0.0022 -0.0267
334 0.0742 0.1566 -0.0456 0.0009 -0.0019 -0.0284
335 0.0779 0.1529 -0.0453 0.0004 -0.0017 -0.0301
336 0.0819 0.1491 -0.0450 -0.0002 -0.0014 -0.0319
337 0.0860 0.1451 -0.0445 -0.0009 -0.0012 -0.0336
338 0.0903 0.1410 -0.0439 -0.0015 -0.0009 -0.0353
339 0.0948 0.1368 -0.0433 -0.0023 -0.0006 -0.0370
340 0.0993 0.1324 -0.0426 -0.0031 -0.0003 -0.0387
341 0.1041 0.1279 -0.0419 -0.0039 0.0000 -0.0402
342 0.1090 0.1233 -0.0410 -0.0048 0.0003 -0.0416
343 0.1141 0.1185 -0.0401 -0.0057 0.0006 -0.0429
344 0.1193 0.1136 -0.0391 -0.0066 0.0010 -0.0441
345 0.1247 0.1085 -0.0380 -0.0074 0.0013 -0.0450
346 0.1302 0.1034 -0.0368 -0.0083 0.0017 -0.0457
347 0.1359 0.0980 -0.0356 -0.0091 0.0020 -0.0462
348 0.1417 0.0926 -0.0343 -0.0099 0.0024 -0.0464
349 0.1477 0.0870 -0.0329 -0.0106 0.0028 -0.0464
350 0.1539 0.0813 -0.0314 -0.0112 0.0032 -0.0461
351 0.1602 0.0754 -0.0299 -0.0117 0.0036 -0.0456
352 0.1666 0.0694 -0.0282 -0.0121 0.0040 -0.0449
353 0.1733 0.0633 -0.0266 -0.0124 0.0044 -0.0439
354 0.1800 0.0571 -0.0248 -0.0123 0.0048 -0.0421
355 0.1867 0.0510 -0.0230 -0.0117 0.0053 -0.0389
356 0.1932 0.0451 -0.0214 -0.0110 0.0057 -0.0358
357 0.1995 0.0394 -0.0197 -0.0103 0.0060 -0.0329
358 0.2058 0.0340 -0.0181 -0.0097 0.0064 -0.0302
359 0.2118 0.0287 -0.0166 -0.0090 0.0067 -0.0277
360 0.2178 0.0236 -0.0150 -0.0084 0.0070 -0.0254
361 0.2236 0.0188 -0.0136 -0.0078 0.0073 -0.0232
362 0.2292 0.0142 -0.0122 -0.0072 0.0076 -0.0212
363 0.2347 0.0097 -0.0108 -0.0067 0.0078 -0.0194
364 0.2401 0.0055 -0.0095 -0.0062 0.0081 -0.0177
365 0.2453 0.0015 -0.0082 -0.0058 0.0083 -0.0161
366 0.2503 -0.0023 -0.0070 -0.0053 0.0085 -0.0146
367 0.2552 -0.0060 -0.0058 -0.0049 0.0086 -0.0133
368 0.2600 -0.0093 -0.0047 -0.0046 0.0088 -0.0120
369 0.2646 -0.0126 -0.0036 -0.0042 0.0089 -0.0109
370 0.2691 -0.0155 -0.0026 -0.0039 0.0090 -0.0098
371 0.2735 -0.0183 -0.0016 -0.0036 0.0091 -0.0087
372 0.2777 -0.0209 -0.0007 -0.0033 0.0092 -0.0078
373 0.2817 -0.0233 0.0002 6.2801 0.0092 -0.0069
374 0.2856 -0.0255 0.0011 -0.0028 0.0093 -0.0060
375 0.2894 -0.0274 0.0019 -0.0026 0.0093 -0.0052
376 0.2930 -0.0292 0.0026 -0.0024 0.0093 -0.0044
377 0.2965 -0.0308 0.0033 -0.0022 0.0092 -0.0037
378 0.2998 -0.0322 0.0040 -0.0020 0.0092 -0.0030
379 0.3030 -0.0333 0.0046 -0.0018 0.0091 -0.0023
380 0.3061 -0.0343 0.0052 -0.0016 0.0090 -0.0017
381 0.3090 -0.0350 0.0057 -0.0014 0.0089 -0.0011
382 0.3118 -0.0356 0.0062 -0.0013 0.0088 -0.0005
383 0.3144 -0.0359 0.0066 -0.0011 0.0086 0.0001
384 0.3169 -0.0361 0.0070 -0.0010 0.0085 0.0007
385 0.3192 -0.0360 0.0073 -0.0008 0.0083 0.0012
386 0.3214 -0.0358 0.0076 -0.0007 0.0081 0.0018
387 0.3235 -0.0354 0.0079 -0.0005 0.0078 0.0023
388 0.3254 -0.0347 0.0081 -0.0004 0.0076 0.0029
389 0.3272 -0.0339 0.0082 -0.0003 0.0073 0.0034
390 0.3288 -0.0328 0.0083 -0.0002 0.0070 0.0039
391 0.3303 -0.0316 0.0084 -0.0000 0.0067 0.0044
392 0.3317 -0.0301 0.0084 0.0001 0.0064 0.0050
393 0.3329 -0.0285 0.0084 0.0002 0.0061 0.0055
394 0.3340 -0.0266 0.0083 0.0003 0.0057 0.0060
395 0.3349 -0.0246 0.0082 0.0005 0.0053 0.0065
396 0.3357 -0.0224 0.0080 0.0006 0.0049 0.0071
397 0.3364 -0.0199 0.0078 0.0007 0.0045 0.0076
398 0.3369 -0.0173 0.0076 0.0008 0.0040 0.0081
399 0.3373 -0.0145 0.0073 0.0010 0.0036 0.0087
400 0.3376 -0.0115 0.0069 0.0011 0.0031 0.0093
401 0.3377 -0.0082 0.0066 0.0012 0.0026 0.0098
402 0.3377 -0.0048 0.0061 0.0013 0.0021 0.0104
403 0.3375 -0.0012 0.0056 0.0015 0.0016 0.0110
404 0.3372 0.0026 0.0051 0.0016 0.0010 0.0116
405 0.3368 0.0066 0.0046 0.0017 -6.2828 0.0122
406 0.3362 0.0108 0.0040 0.0019 6.2830 0.0127
407 0.3355 0.0150 0.0033 0.0018 -0.0008 0.0124
408 0.3347 0.0190 0.0027 0.0017 -0.0013 0.0117
409 0.3338 0.0228 0.0022 0.0017 -0.0019 0.0111
410 0.3327 0.0264 0.0016 0.0016 -0.0024 0.0105
411 0.3316 0.0297 0.0011 0.0015 -0.0029 0.0099
412 0.3303 0.0328 0.0006 0.0014 -0.0034 0.0094
413 0.3289 0.0357 0.0001 -6.2818 -0.0039 0.0088
414 0.3275 0.0383 -0.0003 0.0013 -0.0043 0.0082
415 0.3259 0.0407 -0.0007 0.0012 -0.0048 0.0076
416 0.3242 0.0429 -0.0011 0.0011 -0.0052 0.0071
417 0.3224 0.0449 -0.0014 0.0011 -0.0055 0.0065
418 0.3204 0.0467 -0.0017 0.0010 -0.0059 0.0059
419 0.3184 0.0482 -0.0020 0.0009 -0.0062 0.0053
420 0.3162 0.0495 -0.0023 0.0008 -0.0066 0.0048
421 0.3140 0.0506 -0.0026 0.0008 -0.0068 0.0042
422 0.3116 0.0515 -0.0028 0.0007 -0.0071 0.0036
423 0.3091 0.0521 -0.0030 0.0006 -0.0074 0.0030
424 0.3066 0.0526 -0.0031 0.0005 -0.0076 0.0024
425 0.3039 0.0528 -0.0032 0.0005 -0.0078 0.0018
426 0.3011 0.0527 -0.0033 0.0004 -0.0080 0.0012
427 0.2982 0.0525 -0.0034 0.0003 -0.0082 0.0006
428 0.2951 0.0520 -0.0035 0.0002 -0.0083 -0.0001
429 0.2920 0.0514 -0.0035 0.0002 -0.0084 -0.0008
430 0.2888 0.0505 -0.0035 0.0001 -0.0085 -0.0015
431 0.2854 0.0493 -0.0035 -0.0000 -0.0086 -0.0022
432 0.2820 0.0480 -0.0034 -0.0001 -0.0086 -0.0029
433 0.2784 0.0464 -0.0033 -0.0002 -0.0087 -0.0037
434 0.2747 0.0447 -0.0032 -0.0003 -0.0087 -0.0045
435 0.2710 0.0427 -0.0031 -0.0004 -0.0087 -0.0054
436 0.2671 0.0404 -0.0029 -0.0005 -0.0087 -0.0063
437 0.2631 0.0380 -0.0027 -0.0006 -0.0086 -0.0073
438 0.2590 0.0353 -0.0025 -0.0007 -0.0085 -0.0083
439 0.2548 0.0325 -0.0022 -0.0009 -0.0084 -0.0094
440 0.2504 0.0294 -0.0020 -0.0010 -0.0083 -0.0106
441 0.2460 0.0261 -0.0016 -0.0011 -0.0082 -0.0118
442 0.2415 0.0226 -0.0013 -0.0013 -0.0080 -0.0131
443 0.2369 0.0188 -0.0010 -0.0015 -0.0079 -0.0146
444 0.2321 0.0149 -0.0006 -0.0016 -0.0077 -0.0161
445 0.2273 0.0107 -0.0002 6.2814 -0.0075 -0.0178
446 0.2223 0.0063 0.0003 -0.0020 -0.0072 -0.0196
447 0.2172 0.0017 0.0007 -0.0023 -0.0070 -0.0215
448 0.2121 -0.0031 0.0012 -0.0025 -0.0067 -0.0236
449 0.2068 -0.0081 0.0017 -0.0028 -0.0064 -0.0258
450 0.2014 -0.0134 0.0023 -0.0030 -0.0060 -0.0282
451 0.1959 -0.0188 0.0028 -0.0033 -0.0057 -0.0308
452 0.1903 -0.0245 0.0034 -0.0036 -0.0053 -0.0336
453 0.1846 -0.0304 0.0040 -0.0039 -0.0050 -0.0366
454 0.1788 -0.0365 0.0047 -0.0042 -0.0045 -0.0397
455 0.1729 -0.0428 0.0054 -0.0046 -0.0041 -0.0430
456 0.1669 -0.0493 0.0061 -0.0049 -0.0037 -0.0464
457 0.1608 -0.0561 0.0068 -0.0052 -0.0032 -0.0499
458 0.1545 -0.0630 0.0075 -0.0054 -0.0027 -0.0534
459 0.1482 -0.0702 0.0083 -0.0056 -0.0022 -0.0566
460 0.1418 -0.0774 0.0091 -0.0053 -0.0017 -0.0580
461 0.1356 -0.0847 0.0098 -0.0048 -0.0012 -0.0584
462 0.1295 -0.0918 0.0104 -0.0042 -0.0007 -0.0584
463 0.1235 -0.0988 0.0110 -0.0036 -0.0002 -0.0579
464 0.1176 -0.1058 0.0116 -0.0029 0.0003 -0.0569
465 0.1119 -0.1126 0.0120 -0.0023 0.0007 -0.0556
466 0.1063 -0.1194 0.0124 -0.0016 0.0012 -0.0539
467 0.1009 -0.1261 0.0127 -0.0010 0.0016 -0.0519
468 0.0955 -0.1327 0.0130 -0.0004 0.0020 -0.0497
469 0.0903 -0.1393 0.0132 0.0002 0.0024 -0.0473
470 0.0852 -0.1457 0.0134 0.0007 0.0028 -0.0449
471 0.0803 -0.1521 0.0135 0.0012 0.0032 -0.0424
472 0.0754 -0.1584 0.0135 0.0016 0.0036 -0.0399
473 0.0707 -0.1646 0.0134 0.0020 0.0040 -0.0374
474 0.0661 -0.1707 0.0133 0.0023 0.0043 -0.0350
475 0.0617 -0.1768 0.0132 0.0026 0.0046 -0.0327
476 0.0574 -0.1827 0.0129 0.0029 0.0050 -0.0305
477 0.0532 -0.1886 0.0126 0.0031 0.0053 -0.0284
478 0.0491 -0.1944 0.0123 0.0033 0.0056 -0.0264
479 0.0451 -0.2001 0.0119 0.0035 0.0059 -0.0246
480 0.0413 -0.2057 0.0114 0.0036 0.0061 -0.0228
481 0.0376 -0.2113 0.0109 0.0038 0.0064 -0.0212
482 0.0340 -0.2168 0.0103 0.0039 0.0067 -0.0196
483 0.0306 -0.2222 0.0096 0.0040 0.0069 -0.0182
484 0.0273 -0.2275 0.0089 0.0041 0.0071 -0.0169
485 0.0241 -0.2327 0.0081 0.0042 0.0073 -0.0156
486 0.0210 -0.2378 0.0072 0.0043 0.0075 -0.0144
487 0.0181 -0.2429 0.0063 0.0044 0.0077 -0.0133
488 0.0153 -0.2479 0.0054 0.0044 0.0079 -0.0123
489 0.0126 -0.2528 0.0043 0.0045 0.0081 -0.0113
490 0.0100 -0.2576 0.0032 0.0046 0.0082 -0.0104
491 0.0075 -0.2623 0.0021 0.0047 0.0084 -0.0096
492 0.0052 -0.2670 0.0009 0.0047 0.0085 -0.0088
493 0.0030 -0.2716 -0.0004 -6.2784 0.0086 -0.0081
494 0.0009 -0.2761 -0.0017 0.0049 0.0087 6.2758
495 -0.0010 -0.2805 -0.0031 0.0049 0.0088 -0.0067
496 -0.0028 -0.2848 -0.0046 0.0050 0.0089 -0.0061
497 -0.0045 -0.2891 -0.0061 0.0050 0.0090 -0.0055
498 -0.0061 -0.2933 -0.0077 0.0051 0.0090 -0.0049
499 -0.0076 -0.2973 -0.0094 0.0052 0.0091 -0.0044
500 -0.0089 -0.3014 -0.0111 0.0053 0.0091 -0.0038
501 -0.0101 -0.3053 -0.0128 0.0053 0.0092 -0.0033
502 -0.0112 -0.3092 -0.0146 0.0054 0.0092 -0.0029
503 -0.0122 -0.3129 -0.0165 0.0055 0.0092 -0.0024
504 -0.0131 -0.3166 -0.0185 0.0055 0.0092 -0.0020
505 -0.0138 -0.3203 -0.0205 0.0056 0.0091 -0.0016
506 -0.0144 -0.3238 -0.0225 0.0057 0.0091 -0.0012
507 -0.0149 -0.3273 -0.0247 0.0058 0.0091 -0.0008
508 -0.0152 -0.3307 -0.0268 0.0058 0.0090 -0.0004
509 -0.0154 -0.3340 -0.0291 0.0059 0.0089 -0.0001
510 -0.0156 -0.3372 -0.0314 0.0060 0.0089 0.0003
511 -0.0156 -0.3403 -0.0338 0.0061 0.0088 0.0006
512 -0.0154 -0.3434 -0.0362 0.0061 0.0087 0.0009
513 -0.0152 -0.3464 -0.0387 0.0062 -6.2746 0.0012
514 -0.0149 -0.3492 -0.0411 0.0059 0.0084 0.0014
515 -0.0145 -0.3517 -0.0434 0.0056 0.0083 0.0015
516 -0.0140 -0.3541 -0.0457 0.0053 0.0082 0.0016
517 -0.0135 -0.3561 -0.0478 0.0051 0.0080 0.0017
518 -0.0130 -0.3580 -0.0499 0.0049 0.0079 0.0018
519 -0.0123 -0.3596 -0.0519 0.0046 0.0078 0.0020
520 -0.0117 -0.3609 -0.0537 0.0044 0.0076 0.0021
521 -0.0109 -0.3620 -0.0555 0.0042 0.0075 0.0022
522 -0.0101 -0.3629 -0.0572 0.0041 0.0073 0.0023
523 -0.0092 -0.3635 -0.0587 0.0039 0.0072 0.0025
524 -0.0084 -0.3639 -0.0602 0.0037 0.0070 0.0026
525 -0.0074 -0.3641 -0.0616 0.0036 0.0069 0.0028
526 -0.0063 -0.3640 -0.0629 0.0034 0.0067 0.0029
527 -0.0053 -0.3636 -0.0641 0.0033 0.0065 0.0031
528 -0.0041 -0.3631 -0.0652 0.0031 0.0064 0.0032
529 -0.0029 -0.3623 -0.0662 0.0030 0.0062 0.0034
530 -0.0016 -0.3612 -0.0671 0.0029 0.0060 0.0036
531 -0.0003 -0.3599 -0.0679 0.0028 0.0059 -6.2794
532 0.0011 -0.3584 -0.0686 0.0026 0.0057 0.0039
533 0.0025 -0.3566 -0.0692 0.0025 0.0055 0.0041
534 0.0040 -0.3546 -0.0697 0.0024 0.0053 0.0044
535 0.0055 -0.3524 -0.0702 0.0023 0.0051 0.0046
536 0.0072 -0.3499 -0.0705 0.0022 0.0049 0.0048
537 0.0088 -0.3472 -0.0707 0.0021 0.0047 0.0051
538 0.0105 -0.3442 -0.0709 0.0020 0.0045 0.0054
539 0.0123 -0.3410 -0.0709 0.0019 0.0043 0.0056
540 0.0142 -0.3376 -0.0709 0.0018 0.0041 0.0060
541 0.0160 -0.3339 -0.0707 0.0017 0.0039 0.0063
542 0.0180 -0.3300 -0.0705 0.0016 0.0037 0.0066
543 0.0200 -0.3259 -0.0702 0.0015 0.0035 0.0070
544 0.0221 -0.3215 -0.0697 0.0014 0.0033 0.0074
545 0.0242 -0.3169 -0.0692 0.0013 0.0030 0.0079
546 0.0264 -0.3121 -0.0686 0.0012 0.0028 0.0084
547 0.0286 -0.3070 -0.0679 0.0011 0.0026 0.0089
548 0.0309 -0.3017 -0.0671 0.0009 0.0023 0.0094
549 0.0333 -0.2962 -0.0662 0.0008 0.0021 0.0101
550 0.0357 -0.2904 -0.0652 0.0007 0.0019 0.0107
551 0.0381 -0.2844 -0.0642 0.0005 0.0016 0.0115
552 0.0406 -0.2781 -0.0630 0.0004 0.0014 0.0122
553 0.0432 -0.2716 -0.0617 0.0002 0.0011 0.0131
554 0.0459 -0.2649 -0.0604 0.0000 0.0009 0.0141
555 0.0485 -0.2580 -0.0589 -0.0002 0.0006 0.0152
556 0.0513 -0.2508 -0.0574 -0.0004 0.0004 0.0163
557 0.0541 -0.2434 -0.0557 -0.0007 0.0001 0.0176
558 0.0570 -0.2358 -0.0540 -0.0010 -0.0001 0.0191
559 0.0599 -0.2279 -0.0522 -0.0013 -0.0004 0.0207
560 0.0628 -0.2198 -0.0503 -0.0017 -0.0007 0.0225
561 0.0659 -0.2114 -0.0483 -0.0021 -0.0010 0.0245
562 0.0690 -0.2029 -0.0462 -0.0026 -0.0012 0.0268
563 0.0721 -0.1941 -0.0440 -0.0032 -0.0015 0.0293
564 0.0753 -0.1850 -0.0417 -0.0039 -0.0018 0.0322
565 0.0785 -0.1758 -0.0393 -0.0047 -0.0021 0.0354
566 0.0819 -0.1663 -0.0368 -0.0057 -0.0024 0.0390
567 0.0852 -0.1566 -0.0343 -0.0068 -0.0027 0.0430
568 0.0886 -0.1468 -0.0317 -0.0078 -0.0030 0.0462
569 0.0921 -0.1373 -0.0291 -0.0088 -0.0032 0.0493
570 0.0956 -0.1280 -0.0266 -0.0098 -0.0035 0.0522
571 0.0992 -0.1190 -0.0242 -0.0109 -0.0037 0.0548
572 0.1029 -0.1102 -0.0218 -0.0119 -0.0040 0.0572
573 0.1066 -0.1016 -0.0194 -0.0129 -0.0042 0.0590
574 0.1103 -0.0932 -0.0171 -0.0138 -0.0044 0.0604
575 0.1141 -0.0851 -0.0148 -0.0144 -0.0046 0.0611
576 0.1180 -0.0773 -0.0126 -0.0149 -0.0047 0.0611
577 0.1219 -0.0696 -0.0104 -0.0152 -0.0049 0.0605
578 0.1259 -0.0622 -0.0082 -0.0152 -0.0050 0.0592
579 0.1299 -0.0550 -0.0061 -0.0150 -0.0052 0.0573
580 0.1340 -0.0481 -0.0041 -0.0146 -0.0053 0.0549
581 0.1381 -0.0414 -0.0021 -0.0140 -0.0054 0.0521
582 0.1423 -0.0349 -0.0001 6.2699 -0.0055 0.0490
583 0.1466 -0.0287 0.0018 -0.0125 -0.0056 0.0458
584 0.1509 -0.0226 0.0037 -0.0116 -0.0056 0.0424
585 0.1552 -0.0169 0.0055 -0.0107 -0.0057 0.0391
586 0.1597 -0.0113 0.0073 -0.0099 -0.0057 0.0358
587 0.1641 -0.0060 0.0091 -0.0090 -0.0057 0.0327
588 0.1687 -0.0009 0.0108 -0.0082 -0.0057 0.0296
589 0.1733 0.0039 0.0124 -0.0074 -0.0057 0.0267
590 0.1779 0.0086 0.0140 -0.0067 -0.0057 0.0240
591 0.1826 0.0130 0.0156 -0.0061 -0.0057 0.0215
592 0.1873 0.0171 0.0171 -0.0055 -0.0056 0.0191
593 0.1921 0.0211 0.0186 -0.0049 -0.0055 0.0169
594 0.1970 0.0248 0.0200 -0.0044 -0.0055 0.0149
595 0.2019 0.0282 0.0214 -0.0039 -0.0054 0.0130
596 0.2069 0.0315 0.0228 -0.0035 -0.0053 0.0112
597 0.2119 0.0345 0.0241 -0.0031 -0.0051 0.0096
598 0.2170 0.0373 0.0253 -0.0027 -0.0050 0.0080
599 0.2221 0.0399 0.0265 -0.0024 -0.0049 0.0066
600 0.2273 0.0422 0.0277 -0.0021 -0.0047 0.0053
601 0.2325 0.0443 0.0288 -0.0018 -0.0045 0.0041
602 0.2378 0.0462 0.0299 -0.0015 -0.0043 0.0030
603 0.2431 0.0478 0.0310 -0.0013 -0.0041 0.0019
604 0.2486 0.0492 0.0320 -0.0011 -0.0039 0.0009
605 0.2540 0.0504 0.0329 -0.0008 -0.0037 -0.0000
606 0.2595 0.0514 0.0338 -0.0006 -0.0034 -0.0009
607 0.2651 0.0521 0.0347 -0.0004 -0.0032 -0.0017
608 0.2707 0.0526 0.0355 -0.0003 -0.0029 -0.0025
609 0.2764 0.0529 0.0363 -0.0001 -0.0026 -0.0032
610 0.2821 0.0530 0.0370 0.0001 -0.0023 -0.0039
611 0.2879 0.0528 0.0377 0.0002 6.2812 -0.0045
612 0.2937 0.0524 0.0384 0.0003 -0.0017 -0.0051
613 0.2996 0.0518 0.0390 0.0005 -0.0013 -0.0057
614 0.3055 0.0509 0.0395 0.0006 -0.0010 -0.0062
615 0.3115 0.0499 0.0400 0.0007 -0.0006 -0.0067
616 0.3176 0.0486 0.0405 0.0008 -0.0002 -0.0072
617 0.3237 0.0470 0.0409 0.0010 0.0002 -0.0076
618 0.3298 0.0453 0.0413 0.0011 0.0006 -0.0081
619 0.3361 0.0433 0.0417 0.0012 0.0010 -0.0085
620 0.3423 0.0411 0.0420 0.0013 0.0014 -0.0088
621 0.3486 0.0387 0.0422 0.0014 0.0019 -0.0092
622 0.3550 0.0361 0.0425 0.0014 -6.2808 -0.0092
623 0.3611 0.0335 0.0426 0.0013 0.0028 -0.0086
624 0.3670 0.0309 0.0428 0.0012 0.0032 -0.0079
625 0.3726 0.0286 0.0430 0.0012 0.0037 -0.0074
626 0.3778 0.0263 0.0431 0.0011 0.0041 -0.0068
627 0.3827 0.0241 0.0433 0.0010 0.0044 -0.0063
628 0.3873 0.0220 0.0434 0.0010 0.0048 -0.0058
629 0.3916 0.0201 0.0435 0.0009 0.0052 -0.0054
630 0.3956 0.0183 0.0436 0.0008 0.0055 -0.0049
631 0.3993 0.0165 0.0436 0.0008 0.0058 -0.0045
632 0.4027 0.0149 0.0437 0.0007 0.0061 -0.0041
633 0.4058 0.0134 0.0437 0.0007 0.0064 -0.0038
634 0.4086 0.0121 0.0437 0.0006 0.0066 -0.0034
635 0.4111 0.0108 0.0437 0.0006 0.0068 -0.0031
636 0.4132 0.0096 0.0437 0.0005 0.0071 -0.0028
637 0.4151 0.0086 0.0437 0.0005 0.0073 -0.0025
638 0.4166 0.0077 0.0437 0.0005 0.0075 -0.0022
639 0.4179 0.0068 0.0436 0.0004 0.0076 -0.0019
640 0.4188 0.0061 0.0435 0.0004 0.0078 -0.0016
641 0.4195 0.0055 0.0435 0.0003 0.0079 -0.0013
642 0.4198 0.0050 0.0434 0.0003 0.0080 -0.0010
643 0.4199 0.0047 0.0432 0.0003 0.0081 -0.0008
644 0.4196 0.0044 0.0431 0.0002 0.0082 -0.0005
645 0.4190 0.0043 0.0429 0.0002 0.0082 -0.0002
646 0.4181 0.0042 0.0428 0.0002 0.0083 0.0001
647 0.4169 0.0043 0.0426 0.0001 0.0083 0.0003
648 0.4154 0.0045 0.0424 0.0001 0.0083 0.0006
649 0.4136 0.0048 0.0422 0.0001 0.0083 0.0009
650 0.4116 0.0052 0.0420 0.0000 0.0083 0.0012
651 0.4092 0.0057 0.0417 -0.0000 0.0082 0.0015
652 0.4065 0.0063 0.0415 -0.0001 0.0081 0.0018
653 0.4035 0.0071 0.0412 -0.0001 0.0081 0.0021
654 0.4002 0.0079 0.0409 -0.0001 0.0080 0.0024
655 0.3966 0.0089 0.0406 -0.0002 0.0078 0.0028
656 0.3927 0.0100 0.0403 -0.0002 0.0077 0.0031
657 0.3885 0.0111 0.0400 -0.0003 0.0075 0.0035
658 0.3840 0.0124 0.0396 -0.0003 0.0074 0.0039
659 0.3791 0.0138 0.0392 -0.0003 0.0072 0.0043
660 0.3740 0.0154 0.0389 -0.0004 0.0070 0.0048
661 0.3686 0.0170 0.0385 -0.0004 0.0067 0.0052
662 0.3629 0.0187 0.0380 -0.0005 0.0065 0.0057
663 0.3570 0.0206 0.0376 -0.0006 0.0062 0.0063
664 0.3506 0.0225 0.0372 -0.0006 0.0060 0.0069
665 0.3440 0.0246 0.0367 -0.0007 0.0057 0.0075
666 0.3372 0.0267 0.0363 -0.0007 0.0054 0.0082
667 0.3299 0.0290 0.0358 -0.0008 0.0050 0.0090
668 0.3225 0.0314 0.0353 -0.0009 0.0047 0.0098
669 0.3147 0.0339 0.0347 -0.0010 0.0043 0.0107
670 0.3066 0.0365 0.0342 -0.0011 0.0039 0.0117
671 0.2982 0.0392 0.0337 -0.0012 0.0035 0.0129
672 0.2895 0.0421 0.0331 -0.0013 0.0031 0.0141
673 0.2805 0.0450 0.0325 -0.0014 0.0027 0.0155
674 0.2712 0.0481 0.0319 -0.0015 0.0022 0.0171
675 0.2617 0.0512 0.0313 -0.0016 0.0017 0.0188
676 0.2518 0.0545 0.0307 -0.0017 0.0012 0.0208
677 0.2416 0.0578 0.0301 -0.0018 0.0007 0.0230
678 0.2315 0.0613 0.0294 -0.0017 0.0002 0.0250
679 0.2216 0.0649 0.0287 -0.0015 -0.0003 0.0272
680 0.2118 0.0686 0.0280 -0.0013 -0.0007 0.0294
681 0.2024 0.0725 0.0273 -0.0010 -0.0012 0.0317
682 0.1931 0.0764 0.0266 -0.0007 -0.0016 0.0341
683 0.1841 0.0805 0.0258 -0.0003 -0.0021 0.0365
684 0.1753 0.0846 0.0250 0.0002 -0.0025 0.0389
685 0.1667 0.0889 0.0242 0.0007 -0.0029 0.0413
686 0.1584 0.0933 0.0233 0.0012 -0.0033 0.0436
687 0.1502 0.0978 0.0225 0.0019 -0.0037 0.0457
688 0.1423 0.1024 0.0216 0.0025 -0.0040 0.0475
689 0.1347 0.1071 0.0207 0.0032 -0.0044 0.0491
690 0.1272 0.1120 0.0198 0.0039 -0.0047 0.0502
691 0.1200 0.1169 0.0188 0.0046 -0.0050 0.0510
692 0.1130 0.1220 0.0179 0.0052 -0.0053 0.0512
693 0.1063 0.1272 0.0169 0.0058 -0.0056 0.0510
694 0.0997 0.1324 0.0159 0.0063 -0.0059 0.0503
695 0.0934 0.1378 0.0148 0.0068 -0.0061 0.0492
696 0.0873 0.1434 0.0138 0.0071 -0.0064 0.0476
697 0.0815 0.1490 0.0127 0.0073 -0.0066 0.0457
698 0.0758 0.1547 0.0116 0.0075 -0.0068 0.0436
699 0.0704 0.1606 0.0105 0.0076 -0.0070 0.0412
700 0.0652 0.1665 0.0093 0.0075 -0.0072 0.0387
701 0.0603 0.1726 0.0082 0.0074 -0.0073 0.0361
702 0.0555 0.1788 0.0070 0.0073 -0.0075 0.0335
703 0.0510 0.1851 0.0058 0.0071 -0.0076 0.0309
704 0.0467 0.1915 0.0045 0.0069 -0.0078 0.0284
705 0.0427 0.1980 0.0033 0.0067 -0.0079 0.0259
706 0.0388 0.2046 0.0020 0.0064 -0.0080 0.0236
707 0.0352 0.2114 0.0007 0.0062 -0.0081 0.0214
708 0.0318 0.2182 -0.0006 -6.2772 -0.0081 0.0193
709 0.0286 0.2252 -0.0020 0.0057 -0.0082 0.0173
710 0.0257 0.2323 -0.0033 0.0055 -0.0082 0.0154
711 0.0230 0.2395 -0.0047 0.0052 -0.0082 0.0137
712 0.0205 0.2467 -0.0061 0.0050 -0.0082 0.0121
713 0.0182 0.2541 -0.0075 0.0048 -0.0082 0.0106
714 0.0161 0.2617 -0.0090 0.0046 -0.0082 0.0092
715 0.0143 0.2693 -0.0105 0.0044 -0.0082 0.0079
716 0.0126 0.2770 -0.0120 0.0042 -0.0081 0.0067
717 0.0113 0.2849 -0.0135 0.0040 -0.0081 0.0056
718 0.0101 0.2929 -0.0150 0.0039 -0.0080 0.0046
719 0.0091 0.3009 -0.0166 0.0037 -0.0079 0.0036
720 0.0084 0.3091 -0.0181 0.0036 -0.0078 0.0027
721 0.0079 0.3174 -0.0197 0.0034 -0.0077 0.0019
722 0.0076 0.3258 -0.0214 0.0033 -0.0076 0.0012
723 0.0075 0.3343 -0.0230 0.0032 -0.0074 0.0005
724 0.0077 0.3429 -0.0247 0.0031 -0.0072 -0.0002
725 0.0081 0.3517 -0.0264 0.0029 -0.0071 -0.0008
726 0.0086 0.3605 -0.0281 0.0028 -0.0069 -0.0014
727 0.0095 0.3695 -0.0298 0.0027 -0.0067 -0.0019
728 0.0105 0.3785 -0.0316 0.0026 -0.0065 -0.0024
729 0.0117 0.3877 -0.0333 0.0025 -0.0062 -0.0028
730 0.0132 0.3970 -0.0351 0.0024 -0.0060 -0.0032
731 0.0149 0.4064 -0.0370 0.0024 -0.0057 -0.0036
732 0.0168 0.4159 -0.0388 0.0023 6.2778 -0.0039
733 0.0189 0.4254 -0.0406 0.0021 -0.0051 -0.0039
734 0.0209 0.4348 -0.0424 0.0018 -0.0049 -0.0035
735 0.0229 0.4439 -0.0441 0.0016 -0.0046 -0.0032
736 0.0247 0.4528 -0.0456 0.0013 -0.0043 -0.0029
737 0.0265 0.4615 -0.0471 0.0011 -0.0040 -0.0026
738 0.0281 0.4699 -0.0484 0.0009 -0.0038 -0.0024
739 0.0297 0.4781 -0.0496 0.0007 -0.0035 -0.0021
740 0.0312 0.4860 -0.0508 0.0005 -0.0033 -0.0019
741 0.0325 0.4937 -0.0518 0.0004 -0.0030 -0.0017
742 0.0338 0.5012 -0.0528 0.0002 -0.0028 -0.0015
743 0.0350 0.5084 -0.0536 0.0001 -0.0025 -0.0013
744 0.0361 0.5154 -0.0543 -0.0001 -0.0023 -0.0011
745 0.0371 0.5222 -0.0550 -0.0002 -0.0021 -0.0009
746 0.0380 0.5287 -0.0555 -0.0004 -0.0019 -0.0008
747 0.0388 0.5350 -0.0559 -0.0005 -0.0017 -0.0006
748 0.0395 0.5411 -0.0563 -0.0006 -0.0014 -0.0004
749 0.0402 0.5469 -0.0565 -0.0008 -0.0012 -0.0003
750 0.0407 0.5525 -0.0566 -0.0009 -0.0010 -0.0002
751 0.0412 0.5579 -0.0566 -0.0010 -0.0009 -0.0000
752 0.0415 0.5630 -0.0566 -0.0011 -0.0007 0.0001
753 0.0417 0.5679 -0.0564 -0.0012 -0.0005 0.0002
754 0.0419 0.5725 -0.0561 -0.0013 -0.0003 0.0004
755 0.0420 0.5770 -0.0557 -0.0015 -0.0001 0.0005
756 0.0420 0.5812 -0.0552 -0.0016 0.0000 0.0006
757 0.0418 0.5851 -0.0546 -0.0017 0.0002 0.0007
758 0.0416 0.5888 -0.0540 -0.0018 0.0003 0.0009
759 0.0414 0.5923 -0.0532 -0.0019 0.0005 0.0010
760 0.0409 0.5956 -0.0523 -0.0020 0.0006 0.0011
761 0.0405 0.5986 -0.0513 -0.0021 0.0008 0.0012
762 0.0399 0.6014 -0.0502 -0.0022 0.0009 0.0013
763 0.0392 0.6040 -0.0490 -0.0024 0.0010 0.0014
764 0.0385 0.6063 -0.0477 -0.0025 0.0012 0.0016
765 0.0376 0.6084 -0.0463 -0.0026 0.0013 0.0017
766 0.0366 0.6102 -0.0448 -0.0027 0.0014 0.0018
767 0.0356 0.6118 -0.0432 -0.0028 0.0015 0.0019
768 0.0345 0.6132 -0.0416 -0.0030 0.0016 0.0020
769 0.0333 0.6144 -0.0398 -0.0031 0.0017 0.0022
770 0.0319 0.6153 -0.0379 -0.0032 0.0018 0.0023
771 0.0305 0.6160 -0.0359 -0.0034 0.0019 0.0024
772 0.0290 0.6165 -0.0338 -0.0035 0.0020 0.0025
773 0.0274 0.6167 -0.0316 -0.0036 0.0020 0.0027
774 0.0258 0.6167 -0.0293 -0.0038 0.0021 0.0028
775 0.0240 0.6165 -0.0269 -0.0039 0.0022 0.0029
776 0.0221 0.6160 -0.0244 -0.0041 0.0022 0.0031
777 0.0202 0.6154 -0.0218 -0.0042 0.0023 0.0032
778 0.0181 0.6144 -0.0191 -0.0044 0.0023 0.0034
779 0.0160 0.6133 -0.0163 -0.0046 0.0024 0.0035
780 0.0137 0.6119 -0.0134 -0.0048 0.0024 0.0037
781 0.0114 0.6103 -0.0104 -0.0049 0.0024 0.0038
782 0.0090 0.6084 -0.0073 -0.0051 0.0025 0.0040
783 0.0065 0.6064 -0.0041 -0.0053 0.0025 0.0042
784 0.0039 0.6041 -0.0008 6.2777 0.0025 0.0044
785 0.0012 0.6016 0.0026 -0.0057 0.0025 0.0045
786 -0.0016 0.5988 0.0061 -0.0060 0.0025 0.0047
787 -0.0044 0.5958 0.0096 -0.0062 0.0025 0.0049
788 -0.0074 0.5926 0.0133 -0.0064 -6.2807 0.0051
789 -0.0104 0.5891 0.0171 -0.0064 0.0025 0.0049
790 -0.0130 0.5855 0.0207 -0.0063 0.0025 0.0044
791 -0.0153 0.5817 0.0242 -0.0062 0.0024 0.0039
792 -0.0173 0.5778 0.0276 -0.0061 0.0024 0.0034
793 -0.0190 0.5737 0.0309 -0.0060 0.0023 0.0028
794 -0.0203 0.5694 0.0340 -0.0059 0.0023 0.0023
795 -0.0213 0.5650 0.0371 -0.0057 0.0022 0.0017
796 -0.0219 0.5603 0.0400 -0.0056 0.0021 0.0012
797 -0.0222 0.5556 0.0428 -0.0055 0.0020 0.0006
798 -0.0222 0.5506 0.0454 -0.0054 0.0019 0.0000
799 -0.0219 0.5455 0.0480 -0.0053 0.0018 -0.0006
800 -0.0212 0.5402 0.0504 -0.0052 0.0017 -0.0012
801 -0.0202 0.5348 0.0527 -0.0052 0.0015 -0.0018
802 -0.0188 0.5291 0.0548 -0.0051 0.0014 -0.0025
803 -0.0171 0.5233 0.0569 -0.0050 0.0012 -0.0032
804 -0.0151 0.5174 0.0588 -0.0049 0.0010 -0.0039
805 -0.0128 0.5112 0.0606 -0.0048 0.0008 -0.0046
806 -0.0101 0.5049 0.0623 -0.0047 0.0006 -0.0054
807 -0.0070 0.4985 0.0639 -0.0046 0.0004 -0.0062
808 -0.0037 0.4919 0.0653 -0.0046 0.0002 -0.0070
809 0.0000 0.4851 0.0667 -0.0045 -0.0000 -0.0079
810 0.0040 0.4781 0.0679 -0.0044 -0.0003 -0.0089
811 0.0084 0.4710 0.0690 -0.0043 -0.0005 -0.0099
812 0.0130 0.4637 0.0699 -0.0042 -0.0008 -0.0109
813 0.0180 0.4563 0.0708 -0.0041 -0.0010 -0.0120
814 0.0234 0.4487 0.0715 -0.0040 -0.0013 -0.0131
815 0.0290 0.4408 0.0721 -0.0039 -0.0016 -0.0144
816 0.0351 0.4329 0.0726 -0.0038 -0.0019 -0.0157
817 0.0414 0.4248 0.0729 -0.0036 -0.0022 -0.0170
818 0.0480 0.4165 0.0732 -0.0035 -0.0026 -0.0185
819 0.0551 0.4080 0.0733 -0.0033 -0.0029 -0.0200
820 0.0624 0.3994 0.0733 -0.0031 -0.0032 -0.0216
821 0.0700 0.3906 0.0732 -0.0029 -0.0036 -0.0233
822 0.0780 0.3817 0.0729 -0.0026 -0.0040 -0.0252
823 0.0863 0.3725 0.0726 -0.0023 -0.0044 -0.0270
824 0.0950 0.3633 0.0721 -0.0020 6.2784 -0.0290
825 0.1039 0.3538 0.0715 -0.0016 -0.0051 -0.0311
826 0.1133 0.3442 0.0707 -0.0012 -0.0056 -0.0332
827 0.1229 0.3344 0.0699 -0.0007 -0.0060 -0.0354
828 0.1329 0.3245 0.0689 -0.0001 -0.0064 -0.0376
829 0.1432 0.3144 0.0679 0.0005 -0.0069 -0.0398
830 0.1538 0.3041 0.0666 0.0012 -0.0073 -0.0420
831 0.1647 0.2936 0.0653 0.0019 -0.0078 -0.0441
832 0.1761 0.2831 0.0639 0.0027 -0.0083 -0.0461
833 0.1876 0.2723 0.0623 0.0035 -0.0088 -0.0479
834 0.1996 0.2613 0.0606 0.0044 -0.0093 -0.0496
835 0.2119 0.2502 0.0588 0.0052 -0.0098 -0.0510
836 0.2245 0.2390 0.0569 0.0061 -0.0103 -0.0521
837 0.2374 0.2275 0.0549 0.0069 -0.0108 -0.0528
838 0.2506 0.2159 0.0527 0.0077 -0.0114 -0.0532
839 0.2642 0.2042 0.0504 0.0085 -0.0119 -0.0532
840 0.2781 0.1922 0.0480 0.0091 -0.0125 -0.0529
841 0.2924 0.1801 0.0455 0.0096 -0.0130 -0.0522
842 0.3069 0.1679 0.0429 0.0100 -0.0136 -0.0511
843 0.3218 0.1555 0.0401 0.0103 -0.0142 -0.0498
844 0.3371 0.1429 0.0372 0.0105 -0.0148 -0.0483
845 0.3525 0.1302 0.0343 0.0102 -0.0154 -0.0457
846 0.3673 0.1176 0.0313 0.0095 -0.0160 -0.0424
847 0.3816 0.1051 0.0285 0.0089 -0.0166 -0.0395
848 0.3952 0.0929 0.0257 0.0083 -0.0171 -0.0368
849 0.4081 0.0807 0.0230 0.0077 -0.0175 -0.0343
850 0.4204 0.0687 0.0204 0.0072 -0.0180 -0.0321
851 0.4320 0.0569 0.0178 0.0067 -0.0184 -0.0301
852 0.4430 0.0452 0.0153 0.0062 -0.0188 -0.0284
853 0.4534 0.0337 0.0129 0.0058 -0.0191 -0.0268
854 0.4631 0.0223 0.0106 0.0054 -0.0194 -0.0253
855 0.4721 0.0111 0.0083 0.0050 -0.0196 -0.0240
856 0.4805 0.0000 0.0061 0.0047 -0.0199 -0.0229
857 0.4882 -0.0109 0.0040 0.0044 -0.0200 -0.0219
858 0.4953 -0.0217 0.0019 0.0041 -0.0202 -0.0210
859 0.5018 -0.0323 -0.0001 -6.2793 -0.0203 -0.0201
860 0.5075 -0.0428 -0.0020 0.0036 -0.0204 -0.0194
861 0.5127 -0.0531 -0.0038 0.0034 -0.0204 -0.0188
862 0.5172 -0.0632 -0.0056 0.0032 -0.0204 -0.0182
863 0.5210 -0.0732 -0.0073 0.0030 -0.0204 -0.0178
864 0.5242 -0.0831 -0.0089 0.0029 -0.0203 -0.0174
865 0.5268 -0.0928 -0.0105 0.0027 -0.0202 -0.0170
866 0.5287 -0.1024 -0.0120 0.0025 -0.0201 -0.0167
867 0.5299 -0.1118 -0.0134 0.0024 -0.0199 -0.0165
868 0.5305 -0.1210 -0.0147 0.0023 -0.0197 -0.0163
869 0.5305 -0.1301 -0.0160 0.0021 -0.0195 -0.0162
870 0.5298 -0.1391 -0.0171 0.0020 -0.0192 -0.0161
871 0.5285 -0.1479 -0.0183 0.0019 -0.0189 -0.0161
872 0.5265 -0.1565 -0.0193 0.0018 -0.0185 -0.0162
873 0.5239 -0.1650 -0.0203 0.0017 -0.0181 -0.0162
874 0.5206 -0.1734 -0.0212 0.0016 -0.0177 -0.0164
875 0.5167 -0.1816 -0.0220 0.0015 -0.0172 -0.0166
876 0.5121 -0.1896 -0.0228 0.0015 -0.0167 -0.0168
877 0.5069 -0.1975 -0.0235 0.0014 -0.0162 -0.0171
878 0.5010 -0.2052 -0.0241 0.0013 -0.0156 -0.0174
879 0.4946 -0.2128 -0.0246 0.0012 -0.0150 -0.0178
880 0.4874 -0.2203 -0.0251 0.0011 -0.0144 -0.0183
881 0.4796 -0.2276 -0.0255 0.0011 -0.0137 -0.0188
882 0.4712 -0.2347 -0.0258 0.0010 -0.0130 -0.0194
883 0.4622 -0.2417 -0.0261 0.0009 -0.0123 -0.0201
884 0.4524 -0.2485 -0.0263 0.0008 -0.0115 -0.0209
885 0.4421 -0.2552 -0.0264 0.0008 -0.0107 -0.0217
886 0.4311 -0.2618 -0.0264 0.0007 -0.0098 -0.0226
887 0.4194 -0.2681 -0.0264 0.0006 -0.0089 -0.0236
888 0.4071 -0.2744 -0.0263 0.0005 -0.0080 -0.0248
889 0.3942 -0.2805 -0.0261 0.0004 -0.0070 -0.0260
890 0.3806 -0.2864 -0.0259 0.0003 -0.0061 -0.0274
891 0.3664 -0.2922 -0.0256 0.0002 -0.0050 -0.0289
892 0.3515 -0.2978 -0.0252 0.0000 -0.0040 -0.0305
893 0.3360 -0.3033 -0.0247 -0.0001 -0.0029 -0.0323
894 0.3199 -0.3086 -0.0242 -0.0003 -0.0017 -0.0342
895 0.3031 -0.3139 -0.0236 -0.0004 -0.0005 -0.0364
896 0.2857 -0.3189 -0.0229 -0.0006 0.0007 -0.0386
897 0.2676 -0.3238 -0.0222 -0.0008 0.0019 -0.0411
898 0.2488 -0.3285 -0.0214 -0.0011 0.0032 -0.0437
899 0.2295 -0.3331 -0.0205 -0.0013 0.0045 -0.0464
900 0.2095 -0.3375 -0.0195 -0.0016 0.0058 -0.0492
901 0.1889 -0.3418 -0.0185 -0.0019 0.0072 -0.0515
902 0.1686 -0.3459 -0.0175 -0.0020 0.0086 -0.0511
903 0.1490 -0.3497 -0.0165 -0.0022 0.0099 -0.0502
904 0.1302 -0.3531 -0.0155 -0.0023 0.0112 -0.0491
905 0.1121 -0.3563 -0.0145 -0.0023 0.0124 -0.0476
906 0.0948 -0.3593 -0.0135 -0.0024 0.0136 -0.0460
907 0.0782 -0.3619 -0.0126 -0.0024 0.0147 -0.0441
908 0.0624 -0.3643 -0.0117 -0.0024 0.0158 -0.0421
909 0.0474 -0.3663 -0.0108 -0.0024 0.0168 -0.0400
910 0.0331 -0.3681 -0.0099 -0.0023 0.0178 -0.0379
911 0.0196 -0.3696 -0.0091 -0.0023 0.0187 -0.0357
912 0.0068 -0.3708 -0.0083 -0.0022 0.0196 -0.0335
913 -0.0052 -0.3718 -0.0075 -0.0022 0.0205 6.2519
914 -0.0165 -0.3724 -0.0067 -0.0021 0.0212 -0.0291
915 -0.0270 -0.3728 -0.0059 -0.0021 0.0220 -0.0270
916 -0.0367 -0.3729 -0.0052 -0.0020 0.0227 -0.0249
917 -0.0457 -0.3727 -0.0045 -0.0019 0.0233 -0.0229
918 -0.0540 -0.3722 -0.0038 -0.0018 0.0239 -0.0209
919 -0.0615 -0.3715 -0.0031 -0.0018 0.0245 -0.0190
920 -0.0681 -0.3704 -0.0024 -0.0017 0.0250 -0.0171
921 -0.0741 -0.3691 -0.0018 -0.0017 0.0254 -0.0153
922 -0.0793 -0.3675 -0.0012 -0.0016 0.0259 -0.0135
923 -0.0838 -0.3657 -0.0006 -0.0016 0.0262 -0.0118
924 -0.0875 -0.3635 -0.0000 6.2817 0.0265 -0.0101
925 -0.0904 -0.3611 0.0005 -0.0015 0.0268 -0.0084
926 -0.0926 -0.3583 0.0011 -0.0014 0.0270 -0.0067
927 -0.0940 -0.3553 0.0016 -0.0014 0.0272 -0.0050
928 -0.0947 -0.3520 0.0021 -0.0014 0.0273 -0.0032
929 -0.0946 -0.3484 0.0025 -0.0013 0.0274 -0.0015
930 -0.0938 -0.3446 0.0030 -0.0013 0.0274 0.0003
931 -0.0922 -0.3405 0.0034 -0.0013 0.0274 0.0022
932 -0.0899 -0.3360 0.0038 -0.0013 0.0273 0.0042
933 -0.0868 -0.3313 0.0042 -0.0013 0.0272 0.0062
934 -0.0829 -0.3264 0.0046 -0.0013 0.0270 0.0084
935 -0.0783 -0.3211 0.0049 -0.0013 0.0268 0.0108
936 -0.0730 -0.3155 0.0052 -0.0013 0.0266 0.0133
937 -0.0669 -0.3097 0.0055 -0.0013 0.0263 0.0160
938 -0.0600 -0.3036 0.0058 -0.0013 0.0259 0.0190
939 -0.0524 -0.2972 0.0061 -0.0013 0.0255 0.0223
940 -0.0440 -0.2906 0.0063 -0.0014 0.0251 0.0260
941 -0.0349 -0.2836 0.0065 -0.0014 0.0246 0.0300
942 -0.0250 -0.2764 0.0067 -0.0014 0.0240 0.0344
943 -0.0144 -0.2689 0.0069 -0.0014 0.0234 0.0393
944 -0.0030 -0.2611 0.0071 -0.0014 -6.2604 -6.2385
945 0.0091 -0.2530 0.0072 -0.0013 0.0221 0.0506
946 0.0220 -0.2446 0.0073 -0.0013 0.0214 0.0569
947 0.0357 -0.2360 0.0074 -0.0012 0.0206 0.0636
948 0.0500 -0.2271 0.0075 -0.0010 0.0198 0.0704
949 0.0652 -0.2179 0.0075 -0.0008 0.0189 0.0771
950 0.0811 -0.2084 0.0075 -0.0005 0.0180 0.0834
951 0.0977 -0.1987 0.0075 -0.0002 0.0170 0.0887
952 0.1152 -0.1886 0.0075 0.0002 0.0160 0.0926
953 0.1333 -0.1783 0.0075 0.0006 0.0149 0.0947
954 0.1522 -0.1677 0.0074 0.0010 0.0138 0.0948
955 0.1719 -0.1568 0.0074 0.0014 0.0126 0.0930
956 0.1923 -0.1457 0.0073 0.0017 0.0114 0.0893
957 0.2134 -0.1342 0.0071 0.0019 0.0102 0.0842
958 0.2349 -0.1227 0.0070 0.0019 0.0089 0.0750
959 0.2560 -0.1117 0.0069 0.0018 0.0076 0.0648
960 0.2763 -0.1013 0.0067 0.0018 0.0064 0.0557
961 0.2959 -0.0915 0.0065 0.0017 0.0052 0.0479
962 0.3149 -0.0822 0.0063 0.0015 0.0040 0.0412
963 0.3333 -0.0735 0.0061 0.0014 0.0029 0.0355
964 0.3509 -0.0654 0.0059 0.0013 0.0018 0.0305
965 0.3680 -0.0578 0.0057 0.0013 0.0008 0.0262
966 0.3843 -0.0509 0.0054 0.0012 -0.0003 0.0225
967 0.3999 -0.0445 0.0052 0.0011 -0.0013 0.0193
968 0.4149 -0.0386 0.0049 0.0011 -0.0023 0.0165
969 0.4293 -0.0334 0.0046 0.0010 -0.0032 0.0140
970 0.4430 -0.0287 0.0043 0.0010 -0.0041 0.0118
971 0.4561 -0.0246 0.0040 0.0009 -0.0050 0.0099
972 0.4684 -0.0211 0.0037 0.0009 -0.0058 0.0081
973 0.4801 -0.0181 0.0034 0.0009 -0.0066 0.0065
974 0.4911 -0.0157 0.0030 0.0008 -0.0074 0.0050
975 0.5015 -0.0139 0.0027 0.0008 -0.0082 0.0036
976 0.5113 -0.0127 0.0023 0.0008 -0.0089 0.0023
977 0.5203 -0.0120 0.0019 0.0008 -0.0096 0.0011
978 0.5287 -0.0119 0.0016 0.0008 -0.0102 -0.0000
979 0.5365 -0.0124 0.0011 0.0008 -0.0108 -0.0011
980 0.5436 -0.0134 0.0007 0.0008 -0.0114 -0.0022
981 0.5500 -0.0151 0.0003 0.0008 -0.0120 -0.0032
982 0.5557 -0.0172 -0.0002 -6.2824 -0.0125 -0.0042
983 0.5608 -0.0200 -0.0006 0.0008 -0.0130 -0.0051
984 0.5652 -0.0234 -0.0011 0.0008 -0.0135 -0.0061
985 0.5690 -0.0273 -0.0016 0.0008 -0.0139 -0.0071
986 0.5721 -0.0318 -0.0021 0.0009 -0.0143 -0.0080
987 0.5745 -0.0368 -0.0026 0.0009 -0.0147 -0.0090
988 0.5763 -0.0424 -0.0031 0.0009 -0.0150 -0.0100
989 0.5774 -0.0486 -0.0036 0.0009 -0.0153 -0.0110
990 0.5779 -0.0554 -0.0042 0.0009 -0.0156 -0.0121
991 0.5777 -0.0628 -0.0047 0.0010 -0.0158 -0.0132
992 0.5769 -0.0707 -0.0053 0.0010 -0.0161 -0.0143
993 0.5753 -0.0792 -0.0059 0.0010 6.2669 -0.0154
994 0.5731 -0.0883 -0.0065 0.0011 -0.0164 -0.0166
995 0.5703 -0.0979 -0.0071 0.0011 -0.0165 -0.0178
996 0.5668 -0.1081 -0.0077 0.0011 -0.0166 -0.0191
997 0.5626 -0.1189 -0.0084 0.0012 -0.0166 -0.0205
998 0.5578 -0.1303 -0.0090 0.0012 -0.0167 -0.0218
999 0.5523 -0.1422 -0.0097 0.0012 -0.0166 -0.0233
1000 0.5462 -0.1547 -0.0103 0.0013 -0.0166 -0.0248
1001 0.5394 -0.1678 -0.0110 0.0013 -0.0165 -0.0263
1002 0.5318 -0.1814 -0.0117 0.0014 -0.0164 -0.0280
1003 0.5238 -0.1957 -0.0124 0.0014 -0.0163 -0.0296
1004 0.5149 -0.2104 -0.0132 0.0014 -0.0161 -0.0313
1005 0.5055 -0.2258 -0.0139 0.0015 -0.0159 -0.0330
1006 0.4954 -0.2418 -0.0147 0.0015 -0.0157 -0.0348
1007 0.4846 -0.2583 -0.0154 0.0015 -0.0154 -0.0365
1008 0.4731 -0.2753 -0.0162 0.0015 -0.0151 -0.0382
1009 0.4610 -0.2930 -0.0170 0.0015 -0.0148 -0.0399
1010 0.4482 -0.3112 -0.0178 0.0015 -0.0144 -0.0415
1011 0.4349 -0.3301 -0.0186 0.0015 -0.0140 -0.0431
1012 0.4208 -0.3494 -0.0194 0.0014 -0.0136 -0.0445
1013 0.4060 -0.3694 -0.0203 0.0014 -0.0132 -0.0458
1014 0.3907 -0.3899 -0.0211 0.0013 -0.0127 -0.0463
1015 0.3751 -0.4101 -0.0220 0.0012 -0.0122 -0.0446
1016 0.3598 -0.4296 -0.0228 0.0011 -0.0117 -0.0428
1017 0.3447 -0.4485 -0.0236 0.0010 -0.0112 -0.0410
1018 0.3298 -0.4667 -0.0243 0.0009 -0.0107 -0.0392
1019 0.3151 -0.4841 -0.0251 0.0008 -0.0103 -0.0374
1020 0.3005 -0.5009 -0.0258 0.0007 -0.0098 -0.0356
1021 0.2862 -0.5169 -0.0264 0.0006 -0.0093 -0.0340
1022 0.2720 -0.5322 -0.0271 0.0005 -0.0089 -0.0323
1023 0.2581 -0.5468 -0.0277 0.0005 -0.0085 -0.0308
1024 0.2443 -0.5607 -0.0283 0.0004 -0.0080 -0.0293
1025 0.2308 -0.5740 -0.0288 0.0004 -0.0076 -0.0280
1026 0.2174 -0.5865 -0.0294 0.0003 -0.0072 -0.0267
1027 0.2042 -0.5983 -0.0299 0.0003 -0.0067 -0.0254
1028 0.1912 -0.6094 -0.0304 0.0002 -0.0063 -0.0243
1029 0.1785 -0.6198 -0.0308 0.0002 -0.0059 -0.0232
1030 0.1659 -0.6295 -0.0312 0.0002 -0.0055 -0.0222
1031 0.1535 -0.6385 -0.0316 0.0002 -0.0051 -0.0213
1032 0.1413 -0.6468 -0.0320 0.0002 -0.0047 -0.0204
1033 0.1293 -0.6544 -0.0323 0.0001 -0.0043 -0.0196
1034 0.1175 -0.6612 -0.0326 0.0001 -0.0040 -0.0189
1035 0.1059 -0.6674 -0.0329 0.0001 -0.0036 -0.0182
1036 0.0944 -0.6728 -0.0332 0.0001 -0.0032 -0.0175
1037 0.0832 -0.6777 -0.0334 0.0001 -0.0029 -0.0170
1038 0.0722 -0.6817 -0.0336 0.0001 -0.0025 -0.0164
1039 0.0614 -0.6851 -0.0338 0.0001 -0.0022 -0.0159
1040 0.0507 -0.6877 -0.0339 0.0001 -0.0018 -0.0155
1041 0.0403 -0.6896 -0.0340 0.0001 -0.0015 -0.0151
1042 0.0300 -0.6909 -0.0341 0.0001 -0.0012 -0.0147
1043 0.0200 -0.6914 -0.0342 0.0001 -0.0008 -0.0144
1044 0.0101 -0.6912 -0.0342 0.0001 -0.0005 -0.0141
1045 0.0004 -0.6904 -0.0342 0.0001 -0.0002 6.2693
1046 -0.0090 -0.6888 -0.0342 0.0001 0.0001 -0.0136
1047 -0.0183 -0.6865 -0.0341 0.0001 0.0004 -0.0135
1048 -0.0274 -0.6835 -0.0340 0.0001 0.0007 -0.0133
1049 -0.0363 -0.6798 -0.0339 0.0001 0.0010 -0.0132
1050 -0.0450 -0.6754 -0.0338 0.0001 0.0012 -0.0131
1051 -0.0535 -0.6702 -0.0336 0.0001 0.0015 -0.0131
1052 -0.0618 -0.6645 -0.0334 0.0001 0.0018 -0.0131
1053 -0.0699 -0.6580 -0.0332 0.0001 0.0020 -0.0131
1054 -0.0778 -0.6507 -0.0330 0.0001 0.0023 -0.0132
1055 -0.0855 -0.6428 -0.0327 0.0001 0.0025 -0.0133
1056 -0.0930 -0.6341 -0.0324 0.0001 0.0028 -0.0135
1057 -0.1004 -0.6248 -0.0320 0.0001 0.0030 -0.0137
1058 -0.1075 -0.6148 -0.0317 0.0001 0.0032 -0.0140
1059 -0.1144 -0.6040 -0.0313 0.0001 0.0035 -0.0143
1060 -0.1212 -0.5925 -0.0309 0.0002 0.0037 -0.0147
1061 -0.1277 -0.5803 -0.0304 0.0002 0.0039 -0.0151
1062 -0.1341 -0.5674 -0.0300 0.0002 0.0041 -0.0157
1063 -0.1402 -0.5539 -0.0295 0.0002 0.0043 -0.0163
1064 -0.1462 -0.5396 -0.0289 0.0002 0.0045 -0.0170
1065 -0.1520 -0.5246 -0.0284 0.0002 0.0047 -0.0178
1066 -0.1576 -0.5089 -0.0278 0.0002 0.0049 -0.0187
1067 -0.1629 -0.4925 -0.0272 0.0002 0.0050 -0.0198
1068 -0.1681 -0.4753 -0.0265 0.0002 0.0052 -0.0211
1069 -0.1731 -0.4575 -0.0259 0.0003 0.0054 -0.0225
1070 -0.1779 -0.4390 -0.0252 0.0003 0.0055 -0.0242
1071 -0.1825 -0.4200 -0.0244 0.0003 0.0057 -0.0257
1072 -0.1871 -0.4012 -0.0238 0.0003 0.0058 -0.0270
1073 -0.1916 -0.3829 -0.0231 0.0002 0.0060 -0.0283
1074 -0.1960 -0.3649 -0.0224 0.0002 0.0061 -0.0297
1075 -0.2004 -0.3472 -0.0218 0.0002 0.0062 -0.0311
1076 -0.2046 -0.3299 -0.0212 0.0002 0.0064 -0.0325
1077 -0.2088 -0.3130 -0.0206 0.0001 0.0065 -0.0340
1078 -0.2130 -0.2964 -0.0200 0.0001 0.0066 -0.0354
1079 -0.2171 -0.2802 -0.0195 0.0000 0.0068 -0.0367
1080 -0.2211 -0.2644 -0.0189 -0.0000 0.0069 -0.0380
1081 -0.2251 -0.2489 -0.0184 -0.0001 0.0070 -0.0392
1082 -0.2290 -0.2338 -0.0179 -0.0001 0.0071 -0.0403
1083 -0.2328 -0.2191 -0.0175 -0.0002 0.0072 -0.0413
1084 -0.2365 -0.2047 -0.0170 -0.0003 0.0073 -0.0421
1085 -0.2403 -0.1906 -0.0166 -0.0003 0.0074 -0.0427
1086 -0.2439 -0.1770 -0.0162 -0.0004 0.0075 -0.0432
1087 -0.2474 -0.1637 -0.0158 -0.0005 0.0076 -0.0434
1088 -0.2509 -0.1508 -0.0154 -0.0006 0.0077 -0.0434
1089 -0.2544 -0.1382 -0.0151 -0.0006 0.0077 -0.0432
1090 -0.2577 -0.1260 -0.0148 -0.0007 0.0078 -0.0427
1091 -0.2611 -0.1142 -0.0145 -0.0007 0.0079 -0.0420
1092 -0.2643 -0.1027 -0.0142 -0.0008 0.0080 -0.0412
1093 -0.2675 -0.0916 -0.0139 -0.0008 0.0080 -0.0401
1094 -0.2705 -0.0809 -0.0137 -0.0008 0.0081 -0.0389
1095 -0.2736 -0.0705 -0.0135 -0.0008 0.0081 -0.0376
1096 -0.2766 -0.0605 -0.0133 -0.0008 0.0082 -0.0361
1097 -0.2794 -0.0508 -0.0131 -0.0008 0.0082 -0.0346
1098 -0.2823 -0.0416 -0.0130 -0.0007 0.0083 -0.0330
1099 -0.2851 -0.0327 -0.0128 -0.0007 0.0083 -0.0313
1100 -0.2878 -0.0241 -0.0127 -0.0006 0.0084 -0.0297
1101 -0.2904 -0.0159 -0.0126 -0.0006 0.0084 -0.0280
1102 -0.2930 -0.0081 -0.0126 -0.0005 0.0084 -0.0263
1103 -0.2955 -0.0006 -0.0125 -0.0005 0.0085 -0.0246
1104 -0.2980 0.0065 -0.0125 -0.0004 0.0085 -0.0230
1105 -0.3003 0.0132 -0.0125 -0.0003 0.0085 -0.0214
1106 -0.3026 0.0196 -0.0125 -0.0003 0.0085 -0.0199
1107 -0.3049 0.0256 -0.0125 -0.0002 0.0085 -0.0183
1108 -0.3071 0.0312 -0.0126 -0.0001 0.0085 -0.0169
1109 -0.3092 0.0364 -0.0127 -0.0001 0.0085 -0.0154
1110 -0.3113 0.0414 -0.0128 0.0000 0.0085 -0.0141
1111 -0.3132 0.0459 -0.0129 0.0001 0.0085 -0.0127
1112 -0.3152 0.0501 -0.0130 0.0002 0.0085 -0.0114
1113 -0.3170 0.0539 -0.0132 0.0002 0.0085 -0.0102
1114 -0.3188 0.0573 -0.0134 0.0003 0.0085 -0.0089
1115 -0.3205 0.0604 -0.0136 0.0004 0.0085 -0.0078
1116 -0.3221 0.0631 -0.0138 0.0005 0.0084 -0.0066
1117 -0.3238 0.0654 -0.0140 0.0005 0.0084 -0.0055
1118 -0.3252 0.0674 -0.0143 0.0006 0.0084 -0.0044
1119 -0.3267 0.0690 -0.0146 0.0007 0.0083 -0.0033
1120 -0.3281 0.0702 -0.0149 0.0007 0.0083 -0.0022
1121 -0.3294 0.0711 -0.0152 0.0008 0.0083 -0.0012
1122 -0.3307 0.0716 -0.0156 0.0009 0.0082 -0.0002
1123 -0.3318 0.0718 -0.0160 0.0010 0.0082 0.0008
1124 -0.3330 0.0716 -0.0164 0.0010 0.0081 0.0018
1125 -0.3340 0.0710 -0.0168 0.0011 0.0080 0.0028
1126 -0.3350 0.0700 -0.0172 0.0012 0.0080 0.0038
1127 -0.3359 0.0687 -0.0177 0.0012 -6.2753 0.0047
1128 -0.3367 0.0672 -0.0181 0.0012 0.0078 0.0050
1129 -0.3373 0.0655 -0.0185 0.0011 0.0078 0.0053
1130 -0.3378 0.0637 -0.0189 0.0011 0.0077 0.0055
1131 -0.3380 0.0617 -0.0193 0.0010 0.0076 0.0059
1132 -0.3381 0.0597 -0.0196 0.0010 0.0075 0.0062
1133 -0.3380 0.0574 -0.0199 0.0009 0.0075 0.0065
1134 -0.3377 0.0551 -0.0201 0.0009 0.0074 0.0068
1135 -0.3373 0.0526 -0.0204 0.0008 0.0073 0.0072
1136 -0.3367 0.0499 -0.0206 0.0007 0.0072 0.0075
1137 -0.3359 0.0472 -0.0208 0.0007 0.0071 0.0079
1138 -0.3349 0.0443 -0.0209 0.0006 0.0070 0.0083
1139 -0.3338 0.0412 -0.0210 0.0006 0.0069 0.0087
1140 -0.3325 0.0381 -0.0211 0.0005 0.0069 0.0092
1141 -0.3310 0.0347 -0.0212 0.0005 0.0068 0.0096
1142 -0.3293 0.0313 -0.0212 0.0004 0.0067 0.0101
1143 -0.3275 0.0277 -0.0212 0.0004 0.0066 0.0106
1144 -0.3255 0.0240 -0.0211 0.0003 0.0065 0.0111
1145 -0.3233 0.0201 -0.0211 0.0003 0.0064 0.0117
1146 -0.3209 0.0161 -0.0210 0.0002 0.0063 0.0123
1147 -0.3184 0.0119 -0.0209 0.0001 0.0062 0.0129
1148 -0.3156 0.0077 -0.0207 0.0001 0.0061 0.0136
1149 -0.3127 0.0032 -0.0205 -0.0000 0.0059 0.0143
1150 -0.3097 -0.0013 -0.0203 -0.0001 0.0058 0.0150
1151 -0.3064 -0.0060 -0.0201 -0.0002 0.0057 0.0158
1152 -0.3030 -0.0109 -0.0198 -0.0002 0.0056 0.0166
1153 -0.2994 -0.0158 -0.0195 -0.0003 0.0055 0.0174
1154 -0.2956 -0.0209 -0.0191 -0.0004 0.0054 0.0184
1155 -0.2916 -0.0262 -0.0188 -0.0005 0.0053 0.0193
1156 -0.2875 -0.0316 -0.0184 -0.0006 0.0051 0.0203
1157 -0.2832 -0.0371 -0.0180 -0.0007 0.0050 0.0214
1158 -0.2787 -0.0428 -0.0175 -0.0009 0.0049 0.0226
1159 -0.2741 -0.0486 -0.0170 -0.0010 0.0048 0.0238
1160 -0.2692 -0.0545 -0.0165 -0.0011 0.0046 0.0250
1161 -0.2642 -0.0606 -0.0159 -0.0013 0.0045 0.0263
1162 -0.2590 -0.0668 -0.0154 -0.0014 0.0044 0.0277
1163 -0.2537 -0.0732 -0.0148 -0.0016 0.0042 0.0291
1164 -0.2481 -0.0797 -0.0141 -0.0018 0.0041 0.0306
1165 -0.2424 -0.0863 -0.0135 -0.0020 0.0040 0.0321
1166 -0.2365 -0.0931 -0.0128 -0.0022 0.0038 0.0337
1167 -0.2304 -0.1000 -0.0120 -0.0024 0.0037 0.0353
1168 -0.2242 -0.1070 -0.0113 -0.0026 0.0035 0.0369
1169 -0.2177 -0.1142 -0.0105 -0.0028 0.0034 0.0385
1170 -0.2111 -0.1215 -0.0097 -0.0031 0.0033 0.0400
1171 -0.2044 -0.1290 -0.0088 -0.0033 0.0031 0.0416
1172 -0.1974 -0.1366 -0.0079 -0.0035 0.0030 0.0430
1173 -0.1903 -0.1444 -0.0070 -0.0037 0.0028 0.0444
1174 -0.1829 -0.1523 -0.0061 -0.0039 0.0026 0.0456
1175 -0.1754 -0.1603 -0.0051 -0.0041 0.0025 0.0467
1176 -0.1678 -0.1684 -0.0041 -0.0043 0.0023 0.0476
1177 -0.1599 -0.1768 -0.0031 -0.0044 0.0022 0.0483
1178 -0.1519 -0.1852 -0.0020 -0.0045 0.0020 0.0487
1179 -0.1437 -0.1938 -0.0009 -0.0046 0.0018 0.0490
1180 -0.1353 -0.2025 0.0002 6.2785 0.0017 0.0490
1181 -0.1267 -0.2114 0.0013 -0.0047 0.0015 0.0487
1182 -0.1180 -0.2204 0.0025 -0.0046 0.0013 0.0483
1183 -0.1091 -0.2295 0.0037 -0.0046 0.0012 0.0474
1184 -0.1002 -0.2386 0.0050 -0.0043 0.0010 0.0450
1185 -0.0914 -0.2475 0.0062 -0.0041 0.0008 0.0423
1186 -0.0828 -0.2561 0.0073 -0.0038 0.0006 0.0397
1187 -0.0744 -0.2644 0.0085 -0.0036 0.0005 0.0372
1188 -0.0662 -0.2725 0.0097 -0.0033 0.0003 0.0348
1189 -0.0582 -0.2803 0.0108 -0.0031 0.0001 0.0325
1190 -0.0504 -0.2878 0.0119 -0.0029 -0.0001 0.0305
1191 -0.0427 -0.2950 0.0130 -0.0027 -0.0003 0.0285
1192 -0.0353 -0.3020 0.0140 -0.0025 -0.0005 0.0267
1193 -0.0280 -0.3088 0.0151 -0.0024 -0.0007 0.0250
1194 -0.0209 -0.3152 0.0161 -0.0022 -0.0009 0.0234
1195 -0.0140 -0.3214 0.0171 -0.0021 -0.0011 0.0219
1196 -0.0073 -0.3273 0.0180 -0.0020 -0.0013 0.0206
1197 -0.0008 -0.3330 0.0190 -0.0019 -0.0015 -6.2638
1198 0.0055 -0.3384 0.0199 -0.0018 -0.0017 0.0182
1199 0.0117 -0.3435 0.0209 -0.0017 -0.0019 0.0171
1200 0.0176 -0.3484 0.0217 -0.0016 -0.0021 0.0161
1201 0.0234 -0.3529 0.0226 -0.0016 -0.0023 0.0152
1202 0.0290 -0.3573 0.0235 -0.0015 -0.0026 0.0143
1203 0.0344 -0.3613 0.0243 -0.0014 -0.0028 0.0135
1204 0.0396 -0.3651 0.0251 -0.0014 -0.0030 0.0128
1205 0.0446 -0.3686 0.0259 -0.0014 -0.0032 0.0121
1206 0.0494 -0.3719 0.0267 -0.0013 -0.0035 0.0114
1207 0.0541 -0.3749 0.0274 -0.0013 -0.0037 0.0108
1208 0.0585 -0.3775 0.0282 -0.0013 -0.0039 0.0102
1209 0.0628 -0.3800 0.0289 -0.0012 -0.0042 0.0097
1210 0.0669 -0.3822 0.0296 -0.0012 -0.0044 0.0092
1211 0.0707 -0.3841 0.0302 -0.0012 -0.0047 0.0087
1212 0.0745 -0.3857 0.0309 -0.0012 -0.0049 0.0083
1213 0.0780 -0.3871 0.0315 -0.0012 -0.0052 0.0079
1214 0.0813 -0.3882 0.0321 -0.0012 -0.0054 0.0075
1215 0.0844 -0.3890 0.0327 -0.0012 -0.0057 0.0071
1216 0.0873 -0.3896 0.0333 -0.0012 -0.0059 0.0067
1217 0.0901 -0.3898 0.0338 -0.0012 -0.0062 0.0064
1218 0.0927 -0.3899 0.0343 -0.0012 -0.0064 0.0061
1219 0.0951 -0.3896 0.0348 -0.0012 -0.0067 0.0057
1220 0.0972 -0.3891 0.0353 -0.0012 -0.0070 0.0055
1221 0.0992 -0.3883 0.0358 -0.0012 -0.0073 0.0052
1222 0.1010 -0.3873 0.0362 -0.0012 -0.0075 0.0049
1223 0.1026 -0.3859 0.0366 -0.0012 -0.0078 0.0046
1224 0.1041 -0.3843 0.0370 -0.0013 -0.0081 0.0044
1225 0.1053 -0.3825 0.0374 -0.0013 -0.0084 0.0041
1226 0.1063 -0.3803 0.0378 -0.0013 -0.0086 0.0039
1227 0.1072 -0.3779 0.0381 -0.0014 -0.0089 0.0036
1228 0.1079 -0.3752 0.0384 -0.0014 -0.0092 0.0034
1229 0.1083 -0.3723 0.0387 -0.0015 -0.0095 0.0032
1230 0.1086 -0.3690 0.0390 -0.0015 -0.0098 0.0029
1231 0.1087 -0.3655 0.0392 -0.0016 -0.0101 0.0027
1232 0.1086 -0.3618 0.0395 -0.0016 -0.0104 0.0025
1233 0.1083 -0.3577 0.0397 -0.0017 -0.0107 0.0023
1234 0.1079 -0.3534 0.0399 -0.0018 -0.0110 0.0020
1235 0.1072 -0.3488 0.0400 -0.0018 -0.0113 0.0018
1236 0.1063 -0.3440 0.0402 -0.0019 -0.0116 0.0016
1237 0.1053 -0.3388 0.0403 -0.0020 -0.0120 0.0013
1238 0.1040 -0.3334 0.0404 -0.0021 -0.0123 0.0011
1239 0.1026 -0.3277 0.0405 -0.0022 6.2706 0.0008
1240 0.1011 -0.3219 0.0406 -0.0022 -0.0129 0.0007
1241 0.0994 -0.3161 0.0406 -0.0022 -0.0132 0.0006
1242 0.0978 -0.3104 0.0406 -0.0022 -0.0135 0.0005
1243 0.0962 -0.3048 0.0406 -0.0022 -0.0137 0.0003
1244 0.0945 -0.2993 0.0405 -0.0021 -0.0140 0.0002
1245 0.0929 -0.2938 0.0404 -0.0021 -0.0142 0.0001
1246 0.0912 -0.2884 0.0403 -0.0020 -0.0144 -0.0001
1247 0.0894 -0.2830 0.0402 -0.0020 -0.0145 -0.0002
1248 0.0877 -0.2778 0.0400 -0.0019 -0.0147 -0.0004
1249 0.0859 -0.2726 0.0398 -0.0019 -0.0148 -0.0005
1250 0.0841 -0.2675 0.0396 -0.0018 -0.0149 -0.0007
1251 0.0823 -0.2624 0.0393 -0.0018 -0.0150 -0.0009
1252 0.0804 -0.2574 0.0390 -0.0017 -0.0151 -0.0011
1253 0.0786 -0.2525 0.0387 -0.0016 -0.0151 -0.0013
1254 0.0767 -0.2477 0.0384 -0.0015 -0.0152 -0.0015
1255 0.0748 -0.2429 0.0380 -0.0014 -0.0152 -0.0018
1256 0.0728 -0.2382 0.0376 -0.0014 -0.0152 -0.0020
1257 0.0708 -0.2336 0.0372 -0.0013 -0.0151 -0.0023
1258 0.0689 -0.2290 0.0367 -0.0011 -0.0151 -0.0026
1259 0.0669 -0.2245 0.0362 -0.0010 -0.0150 -0.0028
1260 0.0648 -0.2201 0.0357 -0.0009 -0.0149 -0.0032
1261 0.0628 -0.2158 0.0352 -0.0008 -0.0148 -0.0035
1262 0.0607 -0.2115 0.0346 -0.0006 -0.0146 -0.0038
1263 0.0586 -0.2073 0.0340 -0.0005 -0.0145 -0.0042
1264 0.0565 -0.2032 0.0334 -0.0003 -0.0143 -0.0046
1265 0.0543 -0.1991 0.0327 -0.0001 -0.0141 -0.0050
1266 0.0521 -0.1951 0.0320 0.0001 -0.0139 -0.0054
1267 0.0499 -0.1912 0.0313 0.0003 -0.0137 -0.0059
1268 0.0477 -0.1874 0.0306 0.0005 -0.0134 -0.0063
1269 0.0455 -0.1836 0.0298 0.0007 -0.0131 -0.0068
1270 0.0432 -0.1799 0.0290 0.0010 -0.0128 -0.0074
1271 0.0409 -0.1763 0.0281 0.0012 -0.0125 -0.0079
1272 0.0386 -0.1727 0.0273 0.0015 -0.0121 -0.0085
1273 0.0363 -0.1693 0.0264 0.0018 -0.0118 -0.0091
1274 0.0339 -0.1658 0.0255 0.0021 -0.0114 -0.0098
1275 0.0315 -0.1625 0.0245 0.0025 -0.0110 -0.0104
1276 0.0291 -0.1592 0.0235 0.0029 -0.0106 -0.0111
1277 0.0267 -0.1561 0.0225 0.0032 -0.0101 -0.0119
1278 0.0242 -0.1529 0.0215 0.0037 -0.0096 -0.0126
1279 0.0217 -0.1499 0.0204 0.0041 -0.0091 -0.0134
1280 0.0192 -0.1469 0.0193 0.0046 -0.0086 -0.0143
1281 0.0167 -0.1440 0.0182 0.0051 -0.0081 -0.0151
1282 0.0142 -0.1411 0.0170 0.0056 -0.0076 -0.0160
1283 0.0116 -0.1384 0.0158 0.0062 -0.0070 -0.0169
1284 0.0090 -0.1357 0.0146 0.0068 -0.0064 -0.0179
1285 0.0063 -0.1331 0.0134 0.0074 -0.0058 -0.0188
1286 0.0037 -0.1306 0.0121 0.0080 -0.0051 -0.0198
1287 0.0010 -0.1281 0.0108 0.0086 -0.0045 6.2624
1288 -0.0017 -0.1257 0.0094 0.0093 -0.0038 -0.0218
1289 -0.0044 -0.1234 0.0081 0.0100 -0.0031 -0.0228
1290 -0.0071 -0.1211 0.0067 0.0106 -0.0024 -0.0237
1291 -0.0099 -0.1189 0.0053 0.0113 -0.0016 -0.0247
1292 -0.0127 -0.1168 0.0038 0.0120 -0.0009 -0.0256
1293 -0.0155 -0.1148 0.0023 0.0126 -0.0001 -0.0265
1294 -0.0183 -0.1128 0.0008 0.0133 0.0007 -0.0273
1295 -0.0212 -0.1109 -0.0007 -6.2694 0.0015 -0.0283
1296 -0.0242 -0.1091 -0.0023 0.0138 0.0024 -0.0302
1297 -0.0273 -0.1073 -0.0038 0.0137 0.0031 -0.0321
1298 -0.0306 -0.1055 -0.0052 0.0135 0.0039 -0.0340
1299 -0.0341 -0.1038 -0.0067 0.0132 0.0047 -0.0358
1300 -0.0377 -0.1020 -0.0081 0.0129 0.0054 -0.0374
1301 -0.0415 -0.1003 -0.0094 0.0124 0.0061 -0.0388
1302 -0.0455 -0.0987 -0.0108 0.0118 0.0067 -0.0401
1303 -0.0496 -0.0971 -0.0121 0.0111 0.0074 -0.0410
1304 -0.0539 -0.0955 -0.0133 0.0104 0.0080 -0.0418
1305 -0.0584 -0.0939 -0.0146 0.0095 0.0085 -0.0422
1306 -0.0629 -0.0924 -0.0158 0.0086 0.0091 -0.0424
1307 -0.0677 -0.0909 -0.0169 0.0077 0.0096 -0.0422
1308 -0.0727 -0.0895 -0.0181 0.0067 0.0101 -0.0418
1309 -0.0778 -0.0880 -0.0192 0.0057 0.0106 -0.0411
1310 -0.0831 -0.0866 -0.0202 0.0048 0.0111 -0.0402
1311 -0.0885 -0.0853 -0.0213 0.0038 0.0115 -0.0391
1312 -0.0942 -0.0839 -0.0223 0.0029 0.0119 -0.0379
1313 -0.1000 -0.0826 -0.0232 0.0021 0.0123 -0.0365
1314 -0.1059 -0.0814 -0.0241 0.0013 0.0126 -0.0350
1315 -0.1120 -0.0801 -0.0250 0.0006 0.0129 -0.0334
1316 -0.1183 -0.0789 -0.0259 -0.0000 0.0132 -0.0318
1317 -0.1248 -0.0777 -0.0267 -0.0006 0.0135 -0.0302
1318 -0.1314 -0.0766 -0.0275 -0.0011 0.0137 -0.0286
1319 -0.1382 -0.0755 -0.0283 -0.0015 0.0139 -0.0270
1320 -0.1451 -0.0744 -0.0290 -0.0019 0.0141 -0.0255
1321 -0.1523 -0.0734 -0.0297 -0.0022 0.0143 -0.0240
1322 -0.1596 -0.0723 -0.0303 -0.0025 0.0144 -0.0226
1323 -0.1670 -0.0714 -0.0310 -0.0028 0.0145 -0.0212
1324 -0.1747 -0.0704 -0.0315 -0.0029 0.0146 -0.0199
1325 -0.1825 -0.0695 -0.0321 -0.0031 0.0146 -0.0187
1326 -0.1904 -0.0686 -0.0326 -0.0032 0.0146 -0.0175
1327 -0.1986 -0.0677 -0.0331 -0.0033 0.0146 -0.0164
1328 -0.2069 -0.0669 -0.0335 -0.0034 0.0146 -0.0154
1329 -0.2154 -0.0661 -0.0340 -0.0035 0.0145 -0.0144
1330 -0.2240 -0.0654 -0.0343 -0.0035 0.0145 -0.0135
1331 -0.2328 -0.0646 -0.0347 -0.0035 0.0143 -0.0127
1332 -0.2418 -0.0639 -0.0350 -0.0036 0.0142 -0.0119
1333 -0.2510 -0.0633 -0.0353 -0.0036 0.0140 -0.0112
1334 -0.2603 -0.0626 -0.0355 -0.0036 0.0138 -0.0105
1335 -0.2698 -0.0621 -0.0357 -0.0035 0.0136 -0.0098
1336 -0.2794 -0.0615 -0.0359 -0.0035 0.0134 -0.0092
1337 -0.2893 -0.0610 -0.0360 -0.0035 0.0131 -0.0086
1338 -0.2993 -0.0605 -0.0361 -0.0035 0.0128 -0.0081
1339 -0.3095 -0.0600 -0.0362 -0.0034 0.0125 -0.0076
1340 -0.3198 -0.0595 -0.0362 -0.0034 0.0121 -0.0071
1341 -0.3303 -0.0592 -0.0362 -0.0034 0.0117 -0.0067
1342 -0.3410 -0.0588 -0.0362 -0.0033 0.0113 -0.0063
1343 -0.3519 -0.0584 -0.0361 -0.0033 0.0109 -0.0059
1344 -0.3629 -0.0581 -0.0360 -0.0032 0.0104 -0.0056
1345 -0.3741 -0.0579 -0.0359 -0.0032 0.0099 -0.0052
1346 -0.3855 -0.0576 -0.0357 -0.0031 0.0094 -0.0049
1347 -0.3970 -0.0574 -0.0355 -0.0031 0.0089 -0.0046
1348 -0.4087 -0.0572 -0.0353 -0.0030 0.0083 -0.0044
1349 -0.4206 -0.0571 -0.0350 -0.0030 0.0077 -0.0041
1350 -0.4326 -0.0570 -0.0347 -0.0029 -6.2761 -0.0038
1351 -0.4448 -0.0569 -0.0343 -0.0028 0.0064 -0.0037
1352 -0.4564 -0.0567 -0.0340 -0.0025 0.0058 -0.0036
1353 -0.4676 -0.0564 -0.0336 -0.0023 0.0052 -0.0035
1354 -0.4783 -0.0560 -0.0333 -0.0022 0.0046 -0.0034
1355 -0.4886 -0.0555 -0.0330 -0.0020 0.0040 -0.0034
1356 -0.4982 -0.0549 -0.0326 -0.0019 0.0034 -0.0033
1357 -0.5075 -0.0543 -0.0323 -0.0017 0.0029 -0.0033
1358 -0.5163 -0.0535 -0.0320 -0.0016 0.0024 -0.0033
1359 -0.5247 -0.0526 -0.0317 -0.0015 0.0019 -0.0033
1360 -0.5325 -0.0516 -0.0314 -0.0014 0.0014 -0.0033
1361 -0.5398 -0.0506 -0.0310 -0.0013 0.0009 -0.0033
1362 -0.5467 -0.0494 -0.0307 -0.0012 0.0005 -0.0033
1363 -0.5531 -0.0482 -0.0304 -0.0011 0.0001 -0.0033
1364 -0.5590 -0.0468 -0.0301 -0.0011 -0.0004 -0.0033
1365 -0.5644 -0.0454 -0.0298 -0.0010 -0.0007 -0.0034
1366 -0.5693 -0.0438 -0.0295 -0.0009 -0.0011 -0.0034
1367 -0.5738 -0.0422 -0.0292 -0.0009 -0.0015 -0.0035
1368 -0.5778 -0.0404 -0.0289 -0.0008 -0.0018 -0.0035
1369 -0.5812 -0.0386 -0.0286 -0.0008 -0.0021 -0.0036
1370 -0.5842 -0.0366 -0.0283 -0.0007 -0.0024 -0.0037
1371 -0.5868 -0.0346 -0.0281 -0.0007 -0.0027 -0.0038
1372 -0.5888 -0.0324 -0.0278 -0.0006 -0.0029 -0.0039
1373 -0.5904 -0.0302 -0.0275 -0.0006 -0.0032 -0.0040
1374 -0.5914 -0.0279 -0.0272 -0.0005 -0.0034 -0.0041
1375 -0.5919 -0.0254 -0.0270 -0.0005 -0.0036 -0.0042
1376 -0.5921 -0.0229 -0.0267 -0.0004 -0.0038 -0.0043
1377 -0.5916 -0.0203 -0.0264 -0.0004 -0.0040 -0.0045
1378 -0.5907 -0.0175 -0.0261 -0.0004 -0.0041 -0.0046
1379 -0.5893 -0.0147 -0.0259 -0.0003 6.2790 -0.0048
1380 -0.5875 -0.0118 -0.0256 -0.0003 -0.0043 -0.0050
1381 -0.5851 -0.0088 -0.0254 -0.0002 -0.0044 -0.0052
1382 -0.5823 -0.0056 -0.0251 -0.0002 -0.0045 -0.0054
1383 -0.5789 -0.0024 -0.0249 -0.0002 -0.0046 -0.0056
1384 -0.5750 0.0009 -0.0246 -0.0001 -0.0046 -0.0059
1385 -0.5707 0.0043 -0.0244 -0.0001 -0.0046 -0.0061
1386 -0.5659 0.0079 -0.0241 -0.0000 -0.0046 -0.0064
1387 -0.5606 0.0115 -0.0239 -0.0000 -0.0046 -0.0068
1388 -0.5548 0.0152 -0.0237 0.0000 -0.0045 -0.0071
1389 -0.5485 0.0190 -0.0234 0.0001 -0.0045 -0.0075
1390 -0.5417 0.0229 -0.0232 0.0001 -0.0044 -0.0079
1391 -0.5345 0.0270 -0.0230 0.0002 -0.0043 -0.0083
1392 -0.5267 0.0311 -0.0228 0.0002 -0.0042 -0.0088
1393 -0.5184 0.0353 -0.0225 0.0003 -0.0040 -0.0093
1394 -0.5096 0.0396 -0.0223 0.0003 -0.0039 -0.0099
1395 -0.5004 0.0441 -0.0221 0.0004 -0.0037 -0.0105
1396 -0.4906 0.0486 -0.0219 0.0004 -0.0035 -0.0112
1397 -0.4804 0.0532 -0.0217 0.0005 -0.0033 -0.0120
1398 -0.4696 0.0579 -0.0215 0.0006 -0.0030 -0.0129
1399 -0.4584 0.0627 -0.0213 0.0006 -0.0028 -0.0138
1400 -0.4466 0.0677 -0.0211 0.0007 -0.0025 -0.0149
1401 -0.4344 0.0727 -0.0209 0.0008 -0.0022 -0.0161
1402 -0.4216 0.0778 -0.0207 0.0009 -0.0019 -0.0174
1403 -0.4084 0.0830 -0.0205 0.0010 -0.0016 -0.0189
1404 -0.3946 0.0884 -0.0203 0.0011 -0.0012 -0.0205
1405 -0.3804 0.0938 -0.0201 0.0012 -0.0009 -0.0224
1406 -0.3658 0.0993 -0.0200 0.0012 -0.0005 -0.0237
1407 -0.3516 0.1046 -0.0197 0.0012 -0.0001 -0.0245
1408 -0.3378 0.1097 -0.0195 0.0011 0.0003 -0.0253
1409 -0.3243 0.1146 -0.0193 0.0010 0.0006 -0.0261
1410 -0.3113 0.1194 -0.0190 0.0009 0.0009 -0.0268
1411 -0.2987 0.1240 -0.0187 0.0008 0.0013 -0.0275
1412 -0.2865 0.1283 -0.0183 0.0006 0.0016 -0.0281
1413 -0.2746 0.1325 -0.0180 0.0005 0.0019 -0.0287
1414 -0.2632 0.1365 -0.0176 0.0003 0.0022 -0.0291
1415 -0.2522 0.1404 -0.0172 0.0001 0.0024 -0.0295
1416 -0.2416 0.1440 -0.0168 -0.0001 0.0027 -0.0298
1417 -0.2314 0.1475 -0.0163 -0.0003 0.0030 -0.0299
1418 -0.2216 0.1507 -0.0158 -0.0005 0.0032 -0.0299
1419 -0.2122 0.1538 -0.0153 -0.0007 0.0034 -0.0298
1420 -0.2032 0.1567 -0.0148 -0.0009 0.0036 -0.0295
1421 -0.1946 0.1594 -0.0142 -0.0012 0.0038 -0.0291
1422 -0.1865 0.1619 -0.0136 -0.0014 0.0040 -0.0285
1423 -0.1787 0.1642 -0.0130 -0.0016 0.0042 -0.0278
1424 -0.1713 0.1664 -0.0124 -0.0019 0.0044 -0.0270
1425 -0.1644 0.1683 -0.0118 -0.0021 0.0045 -0.0260
1426 -0.1579 0.1701 -0.0111 -0.0024 0.0047 -0.0249
1427 -0.1517 0.1716 -0.0104 -0.0026 0.0048 -0.0236
1428 -0.1460 0.1730 -0.0096 -0.0028 0.0049 -0.0223
1429 -0.1407 0.1742 -0.0089 -0.0030 0.0050 -0.0208
1430 -0.1358 0.1752 -0.0081 -0.0032 0.0051 -0.0193
1431 -0.1313 0.1761 -0.0073 -0.0034 0.0052 -0.0176
1432 -0.1272 0.1767 -0.0064 -0.0036 0.0053 -0.0159
1433 -0.1236 0.1771 -0.0056 -0.0038 0.0053 -0.0140
1434 -0.1203 0.1774 -0.0047 -0.0040 0.0054 -0.0122
1435 -0.1175 0.1774 -0.0038 -0.0042 -6.2778 -0.0102
1436 -0.1151 0.1773 -0.0029 -0.0044 0.0054 -0.0082
1437 -0.1130 0.1770 -0.0019 -0.0046 0.0054 -0.0062
1438 -0.1114 0.1764 -0.0009 -0.0048 0.0054 -0.0041
1439 -0.1102 0.1757 0.0001 6.2782 0.0054 -0.0020
1440 -0.1095 0.1749 0.0011 -0.0051 0.0054 0.0002
1441 -0.1091 0.1738 0.0022 -0.0053 0.0053 0.0024
1442 -0.1091 0.1725 0.0033 -0.0055 0.0053 0.0047
1443 -0.1096 0.1710 0.0044 -0.0056 0.0052 0.0070
1444 -0.1105 0.1693 0.0055 -0.0058 0.0051 0.0093
1445 -0.1118 0.1675 0.0067 -0.0060 0.0050 0.0116
1446 -0.1135 0.1654 0.0079 -0.0061 0.0049 0.0140
1447 -0.1157 0.1632 0.0091 -0.0063 0.0048 0.0163
1448 -0.1182 0.1608 0.0103 -0.0064 0.0047 0.0187
1449 -0.1212 0.1581 0.0116 -0.0065 0.0045 0.0210
1450 -0.1246 0.1553 0.0129 -0.0065 0.0044 0.0233
1451 -0.1284 0.1523 0.0142 -0.0066 0.0042 0.0255
1452 -0.1326 0.1491 0.0156 -0.0066 0.0040 0.0276
1453 -0.1372 0.1457 0.0169 -0.0065 0.0038 0.0296
1454 -0.1423 0.1421 0.0183 -0.0064 0.0036 0.0315
1455 -0.1478 0.1383 0.0198 -0.0063 0.0034 0.0332
1456 -0.1537 0.1344 0.0212 -0.0061 0.0032 0.0348
1457 -0.1601 0.1302 0.0227 -0.0059 0.0029 0.0361
1458 -0.1668 0.1258 0.0242 -0.0056 0.0027 0.0371
1459 -0.1740 0.1213 0.0257 -0.0052 0.0024 0.0379
1460 -0.1815 0.1165 0.0273 -0.0048 0.0021 0.0381
1461 -0.1892 0.1117 0.0288 -0.0043 0.0018 0.0360
1462 -0.1967 0.1070 0.0302 -0.0037 0.0015 0.0339
1463 -0.2038 0.1024 0.0316 -0.0032 0.0013 0.0318
1464 -0.2108 0.0979 0.0329 -0.0027 0.0010 0.0298
1465 -0.2176 0.0935 0.0341 -0.0023 0.0008 0.0280
1466 -0.2242 0.0893 0.0353 -0.0019 0.0005 0.0262
1467 -0.2305 0.0850 0.0364 -0.0016 0.0003 0.0246
1468 -0.2366 0.0809 0.0374 -0.0013 0.0000 0.0231
1469 -0.2425 0.0769 0.0383 -0.0010 -0.0002 0.0217
1470 -0.2481 0.0730 0.0392 -0.0007 -0.0004 0.0204
1471 -0.2536 0.0692 0.0400 -0.0005 -0.0006 0.0191
1472 -0.2588 0.0655 0.0407 -0.0002 -0.0008 0.0180
1473 -0.2638 0.0619 0.0414 -0.0000 -0.0010 0.0169
1474 -0.2685 0.0584 0.0419 0.0002 -0.0012 0.0159
1475 -0.2730 0.0550 0.0424 0.0003 -0.0014 0.0150
1476 -0.2774 0.0516 0.0429 0.0005 -0.0016 0.0141
1477 -0.2814 0.0484 0.0432 0.0007 -0.0017 0.0133
1478 -0.2853 0.0453 0.0435 0.0008 -0.0019 0.0125
1479 -0.2889 0.0423 0.0437 0.0010 -0.0020 0.0118
1480 -0.2923 0.0394 0.0438 0.0011 -0.0022 0.0111
1481 -0.2955 0.0366 0.0439 0.0013 -0.0023 0.0105
1482 -0.2985 0.0338 0.0438 0.0014 -0.0025 0.0099
1483 -0.3012 0.0312 0.0438 0.0015 -0.0026 0.0093
1484 -0.3037 0.0287 0.0436 0.0016 -0.0027 0.0088
1485 -0.3060 0.0263 0.0433 0.0018 -0.0028 0.0083
1486 -0.3080 0.0239 0.0430 0.0019 -0.0029 0.0078
1487 -0.3098 0.0217 0.0426 0.0020 -0.0030 0.0074
1488 -0.3114 0.0196 0.0422 0.0022 -0.0031 0.0069
1489 -0.3128 0.0176 0.0416 0.0023 -0.0032 0.0065
1490 -0.3139 0.0157 0.0410 0.0024 -0.0032 0.0061
1491 -0.3148 0.0138 0.0403 0.0026 -0.0033 0.0057
1492 -0.3155 0.0121 0.0396 0.0027 -0.0033 0.0053
1493 -0.3160 0.0105 0.0387 0.0028 -0.0034 0.0050
1494 -0.3162 0.0090 0.0378 0.0030 -0.0034 0.0046
1495 -0.3162 0.0076 0.0368 0.0032 -0.0035 0.0043
1496 -0.3160 0.0063 0.0357 0.0033 -0.0035 0.0040
1497 -0.3155 0.0050 0.0346 0.0035 -0.0035 0.0037
1498 -0.3148 0.0039 0.0334 0.0037 -0.0035 0.0033
1499 -0.3139 0.0029 0.0321 0.0039 -0.0035 0.0030
1500 -0.3127 0.0020 0.0307 0.0041 -0.0035 0.0027
1501 -0.3113 0.0012 0.0293 0.0043 -0.0035 0.0024
1502 -0.3097 0.0005 0.0277 0.0045 -0.0035 0.0021
1503 -0.3078 -0.0001 0.0261 0.0047 -0.0034 0.0018
1504 -0.3057 -0.0006 0.0245 0.0050 -0.0034 0.0015
1505 -0.3034 -0.0010 0.0227 0.0053 -0.0033 0.0012
1506 -0.3009 -0.0013 0.0209 0.0056 -0.0033 0.0009
1507 -0.2981 -0.0015 0.0190 0.0059 -0.0032 0.0005
1508 -0.2950 -0.0016 0.0170 0.0062 -0.0032 0.0002
1509 -0.2918 -0.0016 0.0150 0.0066 -0.0031 -0.0001
1510 -0.2883 -0.0015 0.0128 0.0070 -0.0030 -0.0005
1511 -0.2846 -0.0013 0.0106 0.0074 -0.0029 -0.0009
1512 -0.2807 -0.0010 0.0083 0.0078 -0.0028 -0.0013
1513 -0.2765 -0.0005 0.0060 0.0083 -0.0027 -0.0017
1514 -0.2720 -0.0000 0.0035 0.0088 6.2806 -0.0020
1515 -0.2675 0.0005 0.0011 -6.2743 -0.0025 -0.0020
1516 -0.2631 0.0011 -0.0012 0.0088 -0.0023 -0.0020
1517 -0.2588 0.0015 -0.0035 0.0087 -0.0022 -0.0019
1518 -0.2545 0.0020 -0.0056 0.0086 -0.0021 -0.0018
1519 -0.2503 0.0024 -0.0077 0.0085 -0.0020 -0.0017
1520 -0.2461 0.0028 -0.0097 0.0084 -0.0019 -0.0016
1521 -0.2421 0.0031 -0.0115 0.0083 -0.0018 -0.0015
1522 -0.2381 0.0034 -0.0133 0.0082 -0.0017 -0.0014
1523 -0.2342 0.0037 -0.0150 0.0080 -0.0016 -0.0013
1524 -0.2303 0.0039 -0.0166 0.0079 -0.0015 -0.0012
1525 -0.2266 0.0041 -0.0181 0.0077 -0.0014 -0.0011
1526 -0.2229 0.0043 -0.0195 0.0075 -0.0012 -0.0010
1527 -0.2192 0.0044 -0.0208 0.0073 -0.0011 -0.0008
1528 -0.2157 0.0045 -0.0221 0.0070 -0.0010 -0.0007
1529 -0.2122 0.0046 -0.0232 0.0068 -0.0009 -0.0005
1530 -0.2088 0.0046 -0.0242 0.0065 -0.0008 -0.0004
1531 -0.2055 0.0046 -0.0252 0.0062 -0.0007 -0.0002
1532 -0.2022 0.0045 -0.0260 0.0059 -0.0006 -0.0000
1533 -0.1990 0.0044 -0.0268 0.0056 -0.0005 0.0002
1534 -0.1959 0.0043 -0.0274 0.0052 -0.0005 0.0004
1535 -0.1929 0.0041 -0.0280 0.0049 -0.0004 0.0006
1536 -0.1899 0.0039 -0.0285 0.0045 -0.0003 0.0008
1537 -0.1870 0.0037 -0.0289 0.0040 -0.0002 0.0010
1538 -0.1841 0.0034 -0.0291 0.0036 -0.0001 0.0013
1539 -0.1814 0.0031 -0.0293 0.0031 0.0000 0.0015
1540 -0.1787 0.0028 -0.0294 0.0026 0.0001 0.0018
1541 -0.1761 0.0024 -0.0294 0.0021 0.0002 0.0021
1542 -0.1736 0.0020 -0.0293 0.0016 0.0003 0.0023
1543 -0.1712 0.0015 -0.0291 0.0010 0.0003 0.0026
1544 -0.1688 0.0010 -0.0289 0.0004 0.0004 0.0029
1545 -0.1665 0.0005 -0.0285 -0.0002 0.0005 0.0032
1546 -0.1642 -0.0000 -0.0280 -0.0009 0.0006 0.0035
1547 -0.1621 -0.0007 -0.0274 -0.0016 0.0007 0.0039
1548 -0.1600 -0.0013 -0.0268 -0.0023 0.0007 0.0042
1549 -0.1580 -0.0020 -0.0260 -0.0030 0.0008 0.0045
1550 -0.1561 -0.0027 -0.0251 -0.0038 0.0009 0.0049
1551 -0.1542 -0.0034 -0.0242 -0.0046 0.0010 0.0052
1552 -0.1524 -0.0042 -0.0231 -0.0054 0.0010 0.0056
1553 -0.1507 -0.0050 -0.0220 -0.0062 0.0011 0.0059
1554 -0.1491 -0.0059 -0.0207 -0.0071 0.0012 0.0063
1555 -0.1475 -0.0068 -0.0194 -0.0079 0.0012 0.0067
1556 -0.1461 -0.0077 -0.0180 -0.0088 0.0013 0.0070
1557 -0.1447 -0.0087 -0.0164 -0.0098 0.0014 0.0074
1558 -0.1433 -0.0097 -0.0148 -0.0107 0.0014 0.0077
1559 -0.1421 -0.0107 -0.0131 -0.0116 0.0015 0.0081
1560 -0.1409 -0.0118 -0.0113 -0.0126 0.0016 0.0084
1561 -0.1398 -0.0129 -0.0093 -0.0135 0.0016 0.0088
1562 -0.1388 -0.0141 -0.0073 -0.0144 0.0017 0.0091
1563 -0.1378 -0.0153 -0.0052 -0.0154 0.0017 0.0094
1564 -0.1370 -0.0165 -0.0030 -0.0163 0.0018 0.0097
1565 -0.1362 -0.0178 -0.0007 6.2660 0.0019 0.0100
1566 -0.1354 -0.0191 0.0017 -0.0180 0.0019 0.0103
1567 -0.1348 -0.0204 0.0042 -0.0188 -6.2812 0.0106
1568 -0.1342 -0.0218 0.0068 -0.0189 0.0020 0.0105
1569 -0.1338 -0.0232 0.0093 -0.0182 0.0021 0.0103
1570 -0.1335 -0.0245 0.0118 -0.0176 0.0021 0.0100
1571 -0.1334 -0.0259 0.0141 -0.0168 0.0021 0.0097
1572 -0.1334 -0.0272 0.0164 -0.0160 0.0021 0.0094
1573 -0.1336 -0.0285 0.0186 -0.0152 0.0022 0.0090
1574 -0.1339 -0.0298 0.0208 -0.0143 0.0022 0.0086
1575 -0.1343 -0.0311 0.0228 -0.0133 0.0022 0.0082
1576 -0.1349 -0.0324 0.0248 -0.0124 0.0022 0.0077
1577 -0.1356 -0.0336 0.0267 -0.0115 0.0022 0.0073
1578 -0.1365 -0.0348 0.0285 -0.0105 0.0021 0.0068
1579 -0.1376 -0.0361 0.0303 -0.0095 0.0021 0.0063
1580 -0.1387 -0.0373 0.0320 -0.0086 0.0021 0.0059
1581 -0.1401 -0.0385 0.0336 -0.0077 0.0020 0.0054
1582 -0.1415 -0.0397 0.0351 -0.0067 0.0020 0.0049
1583 -0.1432 -0.0408 0.0365 -0.0059 0.0019 0.0044
1584 -0.1449 -0.0420 0.0379 -0.0050 0.0019 0.0039
1585 -0.1468 -0.0431 0.0392 -0.0041 0.0018 0.0035
1586 -0.1489 -0.0443 0.0404 -0.0033 0.0017 0.0030
1587 -0.1511 -0.0454 0.0415 -0.0026 0.0016 0.0026
1588 -0.1534 -0.0465 0.0426 -0.0018 0.0015 0.0021
1589 -0.1560 -0.0476 0.0435 -0.0011 0.0014 0.0017
1590 -0.1586 -0.0487 0.0444 -0.0004 0.0013 0.0013
1591 -0.1614 -0.0497 0.0452 0.0002 0.0012 0.0009
1592 -0.1643 -0.0508 0.0460 0.0009 0.0011 0.0006
1593 -0.1674 -0.0518 0.0466 0.0014 0.0010 0.0002
1594 -0.1707 -0.0528 0.0472 0.0020 0.0008 -0.0001
1595 -0.1741 -0.0538 0.0477 0.0025 0.0007 -0.0004
1596 -0.1776 -0.0548 0.0481 0.0030 0.0005 -0.0007
1597 -0.1813 -0.0558 0.0485 0.0034 0.0004 -0.0010
1598 -0.1851 -0.0567 0.0487 0.0038 0.0002 -0.0012
1599 -0.1891 -0.0577 0.0489 0.0042 0.0001 -0.0015
1600 -0.1933 -0.0586 0.0490 0.0046 -0.0001 -0.0017
1601 -0.1976 -0.0595 0.0490 0.0049 -0.0003 -0.0019
1602 -0.2020 -0.0604 0.0490 0.0052 -0.0005 -0.0021
1603 -0.2066 -0.0613 0.0488 0.0055 -0.0007 -0.0022
1604 -0.2114 -0.0622 0.0486 0.0058 -0.0009 -0.0024
1605 -0.2163 -0.0630 0.0483 0.0060 -0.0011 -0.0025
1606 -0.2213 -0.0639 0.0479 0.0062 -0.0014 -0.0027
1607 -0.2265 -0.0647 0.0475 0.0064 -0.0016 -0.0028
1608 -0.2318 -0.0655 0.0469 0.0066 -0.0018 -0.0029
1609 -0.2374 -0.0663 0.0463 0.0067 -0.0021 -0.0030
1610 -0.2430 -0.0671 0.0456 0.0068 -0.0023 -0.0031
1611 -0.2488 -0.0679 0.0448 0.0069 -0.0026 -0.0031
1612 -0.2548 -0.0686 0.0440 0.0070 -0.0029 -0.0032
1613 -0.2609 -0.0694 0.0430 0.0071 -0.0031 -0.0033
1614 -0.2672 -0.0701 0.0420 0.0072 -0.0034 -0.0033
1615 -0.2736 -0.0708 0.0409 0.0072 -0.0037 -0.0033
1616 -0.2802 -0.0715 0.0397 0.0073 -0.0040 -0.0034
1617 -0.2869 -0.0722 0.0384 0.0073 -0.0043 -0.0034
1618 -0.2938 -0.0729 0.0371 0.0073 -0.0046 -0.0034
1619 -0.3008 -0.0735 0.0357 0.0073 -0.0049 -0.0034
1620 -0.3080 -0.0742 0.0341 0.0073 6.2779 -0.0034
1621 -0.3153 -0.0748 0.0326 0.0070 -0.0056 -0.0035
1622 -0.3225 -0.0753 0.0310 0.0066 -0.0059 -0.0035
1623 -0.3297 -0.0757 0.0295 0.0062 -0.0062 -0.0036
1624 -0.3368 -0.0761 0.0280 0.0059 -0.0065 -0.0036
1625 -0.3439 -0.0764 0.0265 0.0056 -0.0068 -0.0037
1626 -0.3509 -0.0766 0.0251 0.0053 -0.0070 -0.0037
1627 -0.3577 -0.0767 0.0237 0.0050 -0.0073 -0.0038
1628 -0.3646 -0.0767 0.0223 0.0047 -0.0075 -0.0038
1629 -0.3714 -0.0766 0.0209 0.0045 -0.0077 -0.0039
1630 -0.3781 -0.0765 0.0196 0.0043 -0.0079 -0.0039
1631 -0.3848 -0.0763 0.0183 0.0041 -0.0081 -0.0040
1632 -0.3913 -0.0759 0.0170 0.0038 -0.0082 -0.0040
1633 -0.3978 -0.0755 0.0157 0.0037 -0.0084 -0.0041
1634 -0.4043 -0.0750 0.0145 0.0035 -0.0085 -0.0041
1635 -0.4107 -0.0745 0.0133 0.0033 -0.0086 -0.0042
1636 -0.4170 -0.0738 0.0122 0.0031 -0.0087 -0.0042
1637 -0.4232 -0.0730 0.0110 0.0030 -0.0088 -0.0043
1638 -0.4294 -0.0722 0.0099 0.0028 -0.0088 -0.0043
1639 -0.4355 -0.0713 0.0088 0.0027 -0.0089 -0.0044
1640 -0.4415 -0.0703 0.0078 0.0026 -0.0089 -0.0044
1641 -0.4475 -0.0692 0.0067 0.0024 -0.0089 -0.0045
1642 -0.4534 -0.0680 0.0057 0.0023 -0.0089 -0.0045
1643 -0.4593 -0.0667 0.0048 0.0022 -0.0089 -0.0046
1644 -0.4650 -0.0654 0.0038 0.0021 -0.0089 -0.0047
1645 -0.4707 -0.0639 0.0029 0.0020 -0.0088 -0.0047
1646 -0.4763 -0.0624 0.0020 0.0019 -0.0088 -0.0048
1647 -0.4819 -0.0608 0.0011 0.0018 -0.0087 -0.0048
1648 -0.4874 -0.0591 0.0003 -6.2815 -0.0086 -0.0049
1649 -0.4928 -0.0573 -0.0005 0.0016 -0.0085 -0.0049
1650 -0.4982 -0.0554 -0.0013 0.0015 -0.0083 -0.0050
1651 -0.5034 -0.0534 -0.0020 0.0014 -0.0082 -0.0050
1652 -0.5087 -0.0514 -0.0027 0.0013 -0.0080 -0.0051
1653 -0.5138 -0.0492 -0.0034 0.0012 -0.0078 -0.0052
1654 -0.5189 -0.0470 -0.0041 0.0012 -0.0077 -0.0052
1655 -0.5239 -0.0447 -0.0047 0.0011 -0.0074 -0.0053
1656 -0.5289 -0.0422 -0.0053 0.0010 -0.0072 -0.0053
1657 -0.5337 -0.0398 -0.0059 0.0010 -0.0070 -0.0054
1658 -0.5385 -0.0372 -0.0065 0.0009 -0.0067 -0.0055
1659 -0.5432 -0.0345 -0.0070 0.0008 -0.0064 -0.0055
1660 -0.5479 -0.0317 -0.0075 0.0008 -0.0061 -0.0056
1661 -0.5525 -0.0289 -0.0079 0.0007 -0.0058 -0.0057
1662 -0.5570 -0.0259 -0.0084 0.0006 -0.0055 -0.0057
1663 -0.5615 -0.0229 -0.0088 0.0006 -0.0051 -0.0058
1664 -0.5659 -0.0198 -0.0091 0.0005 -0.0048 -0.0059
1665 -0.5702 -0.0165 -0.0095 0.0005 -0.0044 -0.0059
1666 -0.5745 -0.0132 -0.0098 0.0004 -0.0040 -0.0060
1667 -0.5786 -0.0098 -0.0101 0.0004 -0.0036 -0.0061
1668 -0.5827 -0.0064 -0.0104 0.0003 -0.0032 -0.0061
1669 -0.5867 -0.0028 -0.0106 0.0002 -0.0027 -0.0062
1670 -0.5907 0.0009 -0.0108 0.0002 -0.0022 -0.0063
1671 -0.5946 0.0046 -0.0110 0.0001 -0.0018 -0.0063
1672 -0.5984 0.0085 -0.0111 0.0001 -0.0013 -0.0064
1673 -0.6021 0.0124 -0.0112 0.0001 -0.0008 -0.0064
1674 -0.6055 0.0163 -0.0113 0.0001 -0.0002 -0.0063
1675 -0.6087 0.0202 -0.0114 0.0001 0.0002 -0.0062
1676 -0.6115 0.0241 -0.0115 0.0001 0.0007 -0.0061
1677 -0.6139 0.0279 -0.0116 0.0001 0.0012 -0.0060
1678 -0.6161 0.0317 -0.0117 0.0001 0.0016 -0.0060
1679 -0.6180 0.0355 -0.0118 0.0000 0.0020 -0.0059
1680 -0.6194 0.0392 -0.0118 0.0000 0.0025 -0.0059
1681 -0.6207 0.0430 -0.0119 0.0000 0.0029 -0.0058
1682 -0.6215 0.0466 -0.0119 0.0000 0.0032 -0.0058
1683 -0.6219 0.0503 -0.0120 0.0000 0.0036 -0.0058
1684 -0.6222 0.0539 -0.0120 0.0000 0.0040 -0.0058
1685 -0.6221 0.0575 -0.0120 0.0000 0.0043 -0.0058
1686 -0.6216 0.0611 -0.0120 0.0000 0.0046 -0.0058
1687 -0.6208 0.0647 -0.0121 0.0000 0.0050 -0.0058
1688 -0.6196 0.0682 -0.0121 0.0000 0.0052 -0.0058
1689 -0.6182 0.0717 -0.0121 0.0000 0.0055 -0.0058
1690 -0.6164 0.0751 -0.0120 0.0000 0.0058 -0.0059
1691 -0.6142 0.0785 -0.0120 0.0000 0.0060 -0.0059
1692 -0.6118 0.0819 -0.0120 0.0000 0.0063 -0.0060
1693 -0.6090 0.0853 -0.0120 0.0000 0.0065 -0.0061
1694 -0.6059 0.0886 -0.0119 0.0000 0.0067 -0.0062
1695 -0.6024 0.0920 -0.0119 0.0000 0.0069 -0.0062
1696 -0.5987 0.0952 -0.0118 0.0000 0.0071 -0.0063
1697 -0.5944 0.0985 -0.0118 0.0000 0.0072 -0.0065
1698 -0.5900 0.1017 -0.0117 0.0000 0.0074 -0.0066
1699 -0.5852 0.1049 -0.0116 0.0000 0.0075 -0.0067
1700 -0.5801 0.1080 -0.0115 0.0000 0.0076 -0.0069
1701 -0.5746 0.1112 -0.0114 -0.0000 0.0077 -0.0071
1702 -0.5688 0.1143 -0.0113 -0.0000 0.0078 -0.0072
1703 -0.5626 0.1174 -0.0112 -0.0000 0.0079 -0.0075
1704 -0.5562 0.1204 -0.0111 -0.0000 0.0080 -0.0077
1705 -0.5493 0.1234 -0.0110 -0.0000 0.0080 -0.0079
1706 -0.5422 0.1264 -0.0108 -0.0000 0.0080 -0.0082
1707 -0.5347 0.1294 -0.0107 -0.0000 0.0080 -0.0085
1708 -0.5268 0.1323 -0.0106 -0.0000 0.0080 -0.0088
1709 -0.5187 0.1352 -0.0104 -0.0000 0.0080 -0.0091
1710 -0.5101 0.1380 -0.0102 -0.0000 0.0080 -0.0095
1711 -0.5012 0.1409 -0.0101 -0.0000 0.0079 -0.0099
1712 -0.4920 0.1437 -0.0099 -0.0000 0.0078 -0.0104
1713 -0.4824 0.1464 -0.0097 -0.0000 0.0078 -0.0108
1714 -0.4726 0.1492 -0.0095 -0.0001 0.0077 -0.0114
1715 -0.4623 0.1519 -0.0093 -0.0001 0.0076 -0.0119
1716 -0.4517 0.1546 -0.0091 -0.0001 0.0074 -0.0126
1717 -0.4407 0.1572 -0.0089 -0.0001 0.0073 -0.0133
1718 -0.4295 0.1598 -0.0087 -0.0001 0.0071 -0.0140
1719 -0.4179 0.1624 -0.0084 -0.0001 0.0069 -0.0149
1720 -0.4059 0.1650 -0.0082 -0.0001 0.0068 -0.0158
1721 -0.3936 0.1675 -0.0080 -0.0001 0.0065 -0.0168
1722 -0.3809 0.1700 -0.0077 -0.0001 0.0063 -0.0180
1723 -0.3679 0.1725 -0.0074 -0.0002 0.0061 -0.0193
1724 -0.3545 0.1749 -0.0072 -0.0002 0.0058 -0.0206
1725 -0.3410 0.1773 -0.0069 -0.0002 0.0056 -0.0216
1726 -0.3277 0.1797 -0.0066 -0.0002 0.0053 -0.0224
1727 -0.3147 0.1819 -0.0064 -0.0002 0.0051 -0.0232
1728 -0.3019 0.1842 -0.0061 -0.0003 0.0048 -0.0240
1729 -0.2894 0.1865 -0.0059 -0.0003 0.0046 -0.0249
1730 -0.2771 0.1886 -0.0056 -0.0003 0.0043 -0.0257
1731 -0.2651 0.1907 -0.0054 -0.0003 0.0041 -0.0265
1732 -0.2534 0.1929 -0.0051 -0.0003 0.0039 -0.0272
1733 -0.2419 0.1949 -0.0049 -0.0004 0.0036 -0.0280
1734 -0.2307 0.1969 -0.0047 -0.0004 0.0034 -0.0287
1735 -0.2197 0.1988 -0.0044 -0.0004 0.0032 -0.0294
1736 -0.2090 0.2007 -0.0042 -0.0004 0.0030 -0.0300
1737 -0.1985 0.2026 -0.0040 -0.0004 0.0028 -0.0305
1738 -0.1884 0.2044 -0.0038 -0.0005 0.0026 -0.0309
1739 -0.1785 0.2062 -0.0036 -0.0005 0.0024 -0.0313
1740 -0.1688 0.2079 -0.0034 -0.0005 -6.2810 -0.0316
1741 -0.1594 0.2096 -0.0032 -0.0005 0.0020 -0.0318
1742 -0.1503 0.2112 -0.0030 -0.0005 0.0018 -0.0319
1743 -0.1415 0.2129 -0.0029 -0.0005 0.0017 -0.0318
1744 -0.1329 0.2144 -0.0027 -0.0005 0.0015 -0.0317
1745 -0.1245 0.2159 -0.0025 -0.0006 0.0013 -0.0314
1746 -0.1165 0.2173 -0.0024 -0.0006 0.0012 -0.0311
1747 -0.1087 0.2187 -0.0022 -0.0006 0.0010 -0.0306
1748 -0.1011 0.2201 -0.0020 -0.0006 0.0009 -0.0301
1749 -0.0939 0.2214 -0.0019 -0.0005 0.0007 -0.0294
1750 -0.0869 0.2227 -0.0018 -0.0005 0.0006 -0.0286
1751 -0.0801 0.2239 -0.0016 -0.0005 0.0005 -0.0278
1752 -0.0737 0.2251 -0.0015 -0.0005 0.0004 -0.0269
1753 -0.0675 0.2262 -0.0014 -0.0005 0.0002 -0.0259
1754 -0.0616 0.2273 -0.0012 -0.0005 0.0001 -0.0249
1755 -0.0559 0.2283 -0.0011 -0.0005 0.0000 -0.0238
1756 -0.0505 0.2293 -0.0010 -0.0004 -0.0001 -0.0227
1757 -0.0454 0.2303 -0.0009 -0.0004 -0.0002 -0.0216
1758 -0.0406 0.2312 -0.0008 -0.0004 -0.0003 -0.0204
1759 -0.0360 0.2321 -0.0007 -0.0004 -0.0004 -0.0192
1760 -0.0317 0.2328 -0.0006 -0.0004 -0.0005 -0.0180
1761 -0.0277 0.2336 -0.0006 -0.0003 -0.0005 -0.0168
1762 -0.0239 0.2343 -0.0005 -0.0003 -0.0006 -0.0156
1763 -0.0204 0.2350 -0.0004 -0.0003 -0.0007 -0.0144
1764 -0.0172 0.2356 -0.0003 -0.0003 -0.0008 -0.0132
1765 -0.0143 0.2362 -0.0003 -0.0002 -0.0008 -0.0120
1766 -0.0116 0.2367 -0.0002 -0.0002 -0.0009 -0.0108
1767 -0.0092 0.2372 -0.0002 -0.0002 -0.0009 -0.0096
1768 -0.0071 0.2376 -0.0001 -0.0002 -0.0010 -0.0084
1769 -0.0053 0.2380 -0.0001 -0.0001 -0.0010 -0.0072
1770 -0.0037 0.2383 -0.0001 -0.0001 -0.0010 -0.0060
1771 -0.0023 0.2279 -0.0000 -0.0001 -0.0010 -0.0046
1772 -0.0011 0.1812 -0.0000 -0.0001 -0.0008 -0.0029
1773 -0.0006 0.1439 -0.0000 -0.0000 -0.0006 -0.0018
1774 -0.0003 0.1144 -0.0000 -0.0000 -0.0005 -0.0012
1775 -0.0001 0.0908 -0.0000 -0.0000 -0.0004 -0.0007
1776 -0.0001 0.0722 -0.0000 -0.0000 -0.0003 -0.0005
1777 -0.0000 0.0573 0.0000 -0.0000 -0.0003 -0.0003
1778 -0.0000 0.0456 0.0000 -0.0000 -0.0002 -0.0002
1779 0.0000 0.0362 -0.0000 -0.0000 -0.0002 -0.0001
1780 0.0000 0.0287 0.0000 -0.0000 -0.0001 -0.0001
1781 -0.0000 0.0228 0.0000 -0.0000 -0.0001 -0.0000
1782 0.0000 0.0181 0.0000 -0.0000 -0.0001 -0.0000
1783 0.0000 0.0144 0.0000 -0.0000 -0.0001 -0.0000
1784 0.0000 0.0114 0.0000 -0.0000 -0.0001 -0.0000
1785 0.0000 0.0091 0.0000 -0.0000 -0.0000 -0.0000
1786 0.0000 0.0072 0.0000 -0.0000 -0.0000 -0.0000
1787 0.0000 0.0057 0.0000 0.0000 -0.0000 -0.0000
1788 0.0000 0.0046 0.0000 -0.0000 -0.0000 -0.0000
1789 0.0000 0.0036 0.0000 0.0000 -0.0000 -0.0000
1790 0.0000 0.0029 0.0000 0.0000 -0.0000 0.0000
1791 0.0000 0.0023 0.0000 0.0000 -0.0000 0.0000
1792 0.0000 0.0018 0.0000 0.0000 -0.0000 0.0000
1793 0.0000 0.0014 0.0000 0.0000 -0.0000 0.0000
1794 0.0000 0.0012 0.0000 0.0000 -0.0000 -0.0000
1795 0.0000 0.0009 0.0000 0.0000 -0.0000 0.0000
1796 0.0000 0.0007 -0.0000 0.0000 -0.0000 0.0000
1797 0.0000 0.0005 0.0000 0.0000 -0.0000 0.0000
1798 0.0000 0.0005 0.0000 0.0000 -0.0000 0.0000
1799 0.0000 0.0004 -0.0000 0.0000 -0.0000 0.0000
1800 0.0000 0.0003 0.0000 0.0000 -0.0000 0.0000
1801 0.0000 0.0011 0.0000 0.0000 -0.0000 0.0000
1802 0.0000 0.0000 0.0000 0.0000 0.0000 0.0000
1803 0.0000 0.0000 0.0000 0.0000 0.0000 0.0000
1804 0.0000 0.0000 0.0000 0.0000 -0.0000 0.0000
1805 0.0000 0.0000 0.0000 0.0000 0.0000 0.0000
1806 0.0000 0.0000 0.0000 0.0000 0.0000 0.0000
1807 0.0000 0.0000 0.0000 0.0000 0.0000 0.0000
1808 0.0000 0.0000 0.0000 0.0000 0.0000 0.0000
1809 0.0000 0.0000 0.0000 0.0000 0.0000 0.0000
1810 0.0000 0.0000 0.0000 0.0000 0.0000 0.0000
